Date/Time	Green Algae	Bluegreen	Diatoms	Cryptophyta	#5	#6	#7	Yellow substances	Total conc.	Transmission	Depth	Temp. Sample	Green Algae	Bluegreen	Diatoms	Cryptophyta	#5	#6	#7	Yellow substances	Total cell count	Trans. 700 nm	LED 3 [525 nm]	LED 4 [570 nm]	LED 5 [610 nm]	LED 6 [370 nm]	LED 7 [590 nm]	LED 8 [470 nm]	Pressure	Temp. LEDs	Temp. Sensor
date	µg/l	µg/l	µg/l	µg/l	µg/l	µg/l	µg/l	r.u.	µg/l	%	m	°C	cells/ml	cells/ml	cells/ml	cells/ml	cells/ml	cells/ml	cells/ml	r.u.	cells/ml	digits	digits	digits	digits	digits	digits	digits	bar	°C	°C
7/3/2025 2:30:13 PM	0.00	1.05	0.00	0.00	0.00	0.00	0.00	0.00	1.05	62.76	-0.92	28.56	0	1045	0	0	0	0	0	0	1045	114.47	0.34	0.44	6.85	1.00	5.78	0.42	0.91	28.12	31.03
7/3/2025 2:30:16 PM	0.00	0.98	0.00	0.00	0.00	0.00	0.00	0.00	0.98	62.95	-0.91	28.61	0	982	0	0	0	0	0	0	982	114.83	0.36	0.43	6.53	1.07	5.63	0.17	0.91	28.18	31.06
7/3/2025 2:30:19 PM	0.00	1.05	0.00	0.00	0.00	0.00	0.00	0.00	1.05	63.00	-0.91	28.65	0	1050	0	0	0	0	0	0	1050	114.92	0.61	0.47	6.67	1.16	5.92	0.30	0.91	28.28	31.04
7/3/2025 2:30:21 PM	0.00	1.05	0.00	0.00	0.00	0.00	0.00	0.00	1.05	63.16	-0.91	28.60	0	1047	0	0	0	0	0	0	1047	115.22	0.70	0.25	6.57	0.66	6.14	0.37	0.91	28.33	31.06
7/3/2025 2:30:24 PM	0.00	1.13	0.00	0.00	0.00	0.00	0.00	0.00	1.13	63.47	-0.91	28.61	0	1132	0	0	0	0	0	0	1132	115.77	0.40	0.34	7.15	1.12	6.10	0.40	0.91	28.38	31.09
7/3/2025 2:30:26 PM	0.00	0.99	0.00	0.00	0.00	0.00	0.00	0.00	0.99	62.80	-0.91	28.60	0	993	0	0	0	0	0	0	993	114.56	-0.05	-0.48	6.55	1.03	5.95	0.38	0.91	28.42	31.16
7/3/2025 2:30:30 PM	0.00	1.45	0.00	0.00	0.00	0.00	0.00	0.00	1.45	63.05	-0.91	28.57	0	1445	0	0	0	0	0	0	1445	115.02	0.50	0.11	5.92	1.61	9.75	0.26	0.91	28.49	31.14
7/3/2025 2:30:32 PM	0.00	1.09	0.00	0.00	0.00	0.00	0.00	0.00	1.09	62.57	-0.90	28.51	0	1087	0	0	0	0	0	0	1087	114.13	-0.37	1.23	6.22	-0.42	7.03	1.56	0.91	28.52	31.17
7/3/2025 2:30:35 PM	0.67	0.94	0.00	0.00	0.00	0.00	0.00	0.00	1.61	63.32	-0.90	28.45	357	936	0	0	0	0	0	0	1293	115.50	0.31	0.42	6.30	1.67	6.94	3.47	0.91	28.56	31.17
7/3/2025 2:30:37 PM	0.00	1.16	0.00	0.00	0.00	0.00	0.00	0.00	1.16	62.81	-0.91	28.40	0	1157	0	0	0	0	0	0	1157	114.58	1.17	2.23	9.16	0.05	3.90	0.41	0.91	28.64	31.19
7/3/2025 2:30:40 PM	0.00	0.94	0.00	0.00	0.00	0.00	0.00	0.00	0.94	62.18	-0.90	28.38	0	944	0	0	0	0	0	0	944	113.43	1.10	2.41	5.19	1.75	6.13	-0.66	0.91	28.70	31.24
7/3/2025 2:30:43 PM	0.00	0.93	0.00	0.00	0.00	0.00	0.00	0.00	0.93	58.02	-0.90	28.20	0	931	0	0	0	0	0	0	931	105.85	2.20	2.05	5.80	-0.35	5.81	-1.60	0.91	28.71	31.24
7/3/2025 2:30:46 PM	0.00	0.68	0.00	0.00	0.00	0.00	0.00	0.00	0.68	60.65	-0.90	28.20	0	678	0	0	0	0	0	0	678	110.63	0.92	-2.94	7.21	-0.93	3.55	0.72	0.91	28.75	31.27
7/3/2025 2:30:48 PM	0.00	1.06	0.00	0.00	0.00	0.00	0.00	0.00	1.06	62.34	-0.91	28.17	0	1059	0	0	0	0	0	0	1059	113.72	0.74	1.10	4.05	-1.21	9.44	-2.61	0.91	28.80	31.27
7/3/2025 2:30:51 PM	0.00	0.00	0.00	0.00	0.00	0.00	0.00	0.00	0.00	39.64	-0.89	28.22	0	0	0	0	0	0	0	0	0	72.34	-1.31	1.73	2.16	0.19	2.64	0.09	0.91	28.80	31.22
7/3/2025 2:30:53 PM	0.00	0.70	0.00	0.00	0.00	0.00	0.00	0.00	0.70	60.13	-0.84	28.31	0	701	0	0	0	0	0	0	701	109.68	1.38	-0.15	4.55	-2.71	6.69	-3.43	0.92	28.85	31.32
7/3/2025 2:30:56 PM	0.00	1.29	0.00	0.00	0.00	0.00	0.00	0.04	1.29	58.88	-0.79	28.39	0	1286	0	0	0	0	0	0	1286	107.41	0.93	0.83	7.28	2.96	6.78	-0.68	0.92	28.92	31.33
7/3/2025 2:30:59 PM	0.00	1.00	0.00	0.00	0.00	0.00	0.00	0.00	1.00	65.07	-0.78	28.42	0	995	0	0	0	0	0	0	995	118.69	-3.20	2.29	3.75	0.69	9.13	0.59	0.92	28.93	31.29
7/3/2025 2:31:02 PM	0.00	1.34	0.00	0.00	0.00	0.00	0.00	0.00	1.34	62.68	-0.73	28.43	0	1342	0	0	0	0	0	0	1342	114.34	-1.13	-1.56	11.00	0.13	4.68	-1.62	0.93	28.96	31.37
7/3/2025 2:31:05 PM	7.75	3.45	0.00	6.28	0.00	0.00	0.00	0.00	17.48	52.12	-0.69	28.25	4106	3453	0	188	0	0	0	0	7747	95.09	21.01	8.76	38.41	17.76	45.68	64.07	0.93	29.00	31.32
7/3/2025 2:31:07 PM	10.68	9.89	10.12	5.51	0.00	0.00	0.00	0.00	36.20	47.15	-0.67	27.73	5662	9892	4552	165	0	0	0	0	20272	86.02	41.99	16.43	78.03	32.06	75.35	127.84	0.93	29.05	31.38
7/3/2025 2:31:10 PM	13.09	9.29	6.80	7.84	0.00	0.00	0.00	0.00	37.01	48.31	-0.64	27.58	6938	9288	3060	235	0	0	0	0	19521	88.14	42.09	17.07	80.35	32.00	80.95	133.09	0.94	29.11	31.38
7/3/2025 2:31:13 PM	12.83	8.65	7.33	8.00	0.00	0.00	0.00	0.00	36.81	48.12	-0.60	27.63	6802	8651	3298	240	0	0	0	0	18991	87.79	42.86	18.51	79.41	31.88	78.87	135.32	0.94	29.10	31.37
7/3/2025 2:31:16 PM	10.78	11.09	10.66	5.25	0.00	0.00	0.00	0.00	37.78	48.29	-0.58	27.52	5711	11093	4799	157	0	0	0	0	21759	88.11	42.35	16.80	83.25	30.07	79.08	132.37	0.94	29.14	31.38
7/3/2025 2:31:18 PM	10.18	11.54	12.25	5.46	0.00	0.00	0.00	0.00	39.43	49.74	-0.58	27.46	5398	11536	5513	164	0	0	0	0	22611	90.73	45.87	16.07	86.35	30.92	83.34	139.50	0.94	29.18	31.43
7/3/2025 2:31:21 PM	12.29	10.22	8.26	6.96	0.00	0.00	0.00	0.00	37.72	47.83	-0.57	27.49	6511	10215	3717	209	0	0	0	0	20652	87.27	42.97	17.11	82.29	32.98	81.63	132.75	0.94	29.20	31.41
7/3/2025 2:31:24 PM	9.71	11.53	10.54	5.78	0.00	0.00	0.00	0.00	37.58	48.54	-0.55	27.50	5148	11535	4745	173	0	0	0	0	21601	88.56	43.26	17.34	85.12	28.33	81.68	130.99	0.95	29.22	31.40
7/3/2025 2:31:27 PM	11.16	8.89	6.70	9.02	0.00	0.00	0.00	0.00	35.77	49.43	-0.52	27.62	5916	8887	3016	270	0	0	0	0	18090	90.17	44.26	19.03	79.90	31.05	81.76	129.89	0.95	29.25	31.45
7/3/2025 2:31:29 PM	8.78	12.38	12.59	4.36	0.00	0.00	0.00	0.00	38.11	47.40	-0.51	27.33	4653	12382	5666	131	0	0	0	0	22832	86.48	44.03	17.32	85.70	30.77	80.33	129.25	0.95	29.26	31.43
7/3/2025 2:31:32 PM	8.26	12.45	12.60	4.63	0.00	0.00	0.00	0.00	37.95	48.33	-0.49	27.20	4377	12455	5672	139	0	0	0	0	22643	88.17	44.78	18.52	86.22	31.23	80.71	128.00	0.95	29.27	31.46
7/3/2025 2:31:34 PM	10.09	11.10	9.10	7.08	0.00	0.00	0.00	0.00	37.38	47.96	-0.47	27.32	5350	11102	4093	212	0	0	0	0	20758	87.49	44.45	17.76	84.75	30.60	84.18	129.81	0.95	29.33	31.46
7/3/2025 2:31:37 PM	11.98	13.78	11.33	5.06	0.00	0.00	0.00	0.00	42.16	46.57	-0.46	27.28	6351	13785	5100	152	0	0	0	0	25387	84.97	45.06	20.97	95.57	34.05	87.79	140.65	0.96	29.37	31.51
7/3/2025 2:31:40 PM	8.91	11.71	11.56	9.79	0.00	0.00	0.00	0.00	41.97	45.19	-0.43	26.81	4721	11714	5202	294	0	0	0	0	21930	82.45	55.35	21.99	96.68	31.80	97.56	152.82	0.96	29.38	31.49
7/3/2025 2:31:43 PM	7.38	12.00	13.62	4.40	0.00	0.00	0.00	0.00	37.40	45.20	-0.43	25.40	3912	11998	6131	132	0	0	0	0	22173	82.47	45.77	15.17	83.12	31.09	80.30	127.91	0.96	29.36	31.51
7/3/2025 2:31:46 PM	0.00	0.00	0.00	0.00	0.00	0.00	0.00	0.00	0.00	53.80	-0.89	25.60	0	0	0	0	0	0	0	0	0	98.14	1.98	-1.08	5.38	-2.47	0.14	-0.37	0.91	29.41	31.51
7/3/2025 2:31:48 PM	0.00	0.91	0.00	0.00	0.00	0.00	0.00	0.22	0.91	49.83	-0.89	26.11	0	907	0	0	0	0	0	0	907	90.90	3.71	1.64	4.06	5.74	6.96	-1.49	0.91	29.43	31.54
7/3/2025 2:31:51 PM	0.00	0.00	0.00	0.00	0.00	0.00	0.00	0.00	0.00	56.11	-0.88	26.56	0	0	0	0	0	0	0	0	0	102.36	-1.75	-1.19	0.70	0.91	3.89	-1.04	0.91	29.47	31.57
7/3/2025 2:31:54 PM	0.00	0.37	0.00	0.00	0.00	0.00	0.00	0.00	0.37	62.96	-0.89	26.97	0	371	0	0	0	0	0	0	371	114.84	-0.11	0.59	4.56	0.15	3.43	-1.28	0.91	29.45	31.54
7/3/2025 2:31:57 PM	0.00	0.73	0.00	0.00	0.00	0.00	0.00	0.17	0.73	64.85	-0.89	27.20	0	731	0	0	0	0	0	0	731	118.30	2.70	-2.52	3.67	4.10	7.03	-0.12	0.91	29.49	31.56
7/3/2025 2:31:59 PM	0.38	0.40	0.00	0.00	0.00	0.00	0.00	0.00	0.79	63.80	-0.89	27.37	202	404	0	0	0	0	0	0	607	116.38	0.66	-0.83	4.64	0.17	4.43	2.50	0.91	29.51	31.54
7/3/2025 2:32:02 PM	0.19	0.03	0.00	0.00	0.00	0.00	0.00	0.00	0.23	61.75	-0.89	27.48	103	32	0	0	0	0	0	0	135	112.65	-1.92	-2.72	3.99	1.18	2.52	0.88	0.91	29.53	31.54
7/3/2025 2:32:42 PM	0.15	0.04	0.00	0.00	0.00	0.00	0.00	0.04	0.19	58.18	-0.87	27.60	79	43	0	0	0	0	0	0	122	106.14	-0.05	3.06	3.45	1.65	1.67	0.70	0.91	29.48	31.51
7/3/2025 2:32:45 PM	0.00	0.37	0.00	0.00	0.00	0.00	0.00	0.09	0.37	62.10	-0.88	27.64	0	372	0	0	0	0	0	0	372	113.28	1.61	0.42	7.07	3.10	0.21	-1.00	0.91	29.50	31.53
7/3/2025 2:32:48 PM	0.00	0.50	0.00	0.00	0.00	0.00	0.00	0.00	0.50	64.03	-0.88	27.70	0	502	0	0	0	0	0	0	502	116.79	1.73	-0.90	2.74	0.14	6.35	-2.15	0.91	29.51	31.56
7/3/2025 2:32:51 PM	0.12	0.45	0.00	0.00	0.00	0.00	0.00	0.07	0.57	62.24	-0.87	27.74	65	449	0	0	0	0	0	0	514	113.53	-0.04	-0.46	6.30	2.54	2.32	0.91	0.91	29.55	31.57
7/3/2025 2:32:53 PM	0.00	0.00	0.00	0.00	0.00	0.00	0.00	0.00	0.00	65.61	-0.87	27.78	0	0	0	0	0	0	0	0	0	119.68	-3.76	-5.10	4.00	-1.64	-0.68	-2.15	0.91	29.58	31.64
7/3/2025 2:32:56 PM	0.00	0.63	0.00	0.00	0.00	0.00	0.00	0.00	0.63	62.77	-0.87	27.82	0	630	0	0	0	0	0	0	630	114.51	-0.35	4.07	2.03	0.96	7.33	-1.61	0.92	29.62	31.64
7/3/2025 2:32:59 PM	0.00	0.16	0.00	0.00	0.00	0.00	0.00	0.09	0.16	61.45	-0.85	27.76	0	158	0	0	0	0	0	0	158	112.10	-1.24	4.63	1.05	2.78	4.76	-0.45	0.92	29.62	31.62
7/3/2025 2:33:01 PM	0.00	0.00	0.00	0.00	0.00	0.00	0.00	0.00	0.00	62.28	-0.78	27.73	0	0	0	0	0	0	0	0	0	113.61	0.93	0.20	-1.87	-0.47	3.38	-1.24	0.92	29.61	31.64
7/3/2025 2:33:04 PM	0.00	0.82	0.00	0.02	0.00	0.00	0.00	0.00	0.84	64.88	-0.75	27.74	0	820	0	1	0	0	0	0	821	118.36	-1.35	1.19	3.84	-2.52	8.30	3.13	0.93	29.63	31.62
7/3/2025 2:33:06 PM	0.05	0.48	0.00	0.00	0.00	0.00	0.00	0.00	0.53	62.61	-0.72	27.84	27	482	0	0	0	0	0	0	509	114.21	-1.77	0.60	1.68	-0.26	7.72	1.54	0.93	29.65	31.62
7/3/2025 2:33:09 PM	0.00	0.00	0.00	0.00	0.00	0.00	0.00	0.00	0.00	61.07	-0.69	27.87	0	0	0	0	0	0	0	0	0	111.40	-4.05	-0.63	0.02	0.88	0.42	1.15	0.93	29.71	31.66
7/3/2025 2:33:12 PM	0.48	0.00	0.00	0.00	0.00	0.00	0.00	0.00	0.48	62.10	-0.68	27.89	254	0	0	0	0	0	0	0	254	113.29	-2.52	1.41	-1.58	0.81	4.66	3.46	0.93	29.67	31.66
7/3/2025 2:33:15 PM	0.29	1.05	1.19	0.00	0.00	0.00	0.00	0.00	2.54	58.41	-0.67	27.90	156	1053	536	0	0	0	0	0	1745	106.55	3.63	-3.02	6.71	1.63	10.07	8.40	0.93	29.69	31.66
7/3/2025 2:33:18 PM	0.00	0.04	0.50	5.19	0.00	0.00	0.00	0.00	5.73	56.80	-0.66	27.91	0	39	225	156	0	0	0	0	420	103.62	16.74	2.38	14.90	6.70	24.62	26.80	0.94	29.70	31.70
7/3/2025 2:33:20 PM	27.00	17.55	7.58	13.45	0.00	0.00	0.00	0.00	65.58	55.69	-0.65	28.26	14313	17545	3413	403	0	0	0	0	35674	101.59	66.46	30.03	142.73	56.03	141.18	227.66	0.94	29.75	31.67
7/3/2025 2:33:23 PM	30.56	25.62	18.54	9.86	0.00	0.00	0.00	0.00	84.58	53.62	-0.63	28.59	16197	25621	8343	296	0	0	0	0	50457	97.82	82.07	35.48	182.33	69.19	168.12	285.88	0.94	29.76	31.75
7/3/2025 2:33:26 PM	31.80	27.10	21.36	6.65	0.00	0.00	0.00	0.00	86.91	54.27	-0.60	28.57	16854	27102	9614	199	0	0	0	0	53769	99.00	81.32	31.27	182.41	75.89	166.52	286.98	0.94	29.74	31.70
7/3/2025 2:33:29 PM	34.67	25.01	20.56	5.64	0.00	0.00	0.00	0.00	85.88	53.92	-0.57	28.49	18378	25006	9251	169	0	0	0	0	52804	98.37	77.82	30.89	173.68	81.59	156.20	285.22	0.94	29.76	31.70
7/3/2025 2:33:31 PM	36.80	21.68	19.62	3.33	0.00	0.00	0.00	0.00	81.42	53.20	-0.55	28.37	19502	21681	8829	100	0	0	0	0	50112	97.06	70.29	25.37	154.62	86.02	137.80	271.59	0.95	29.80	31.69
7/3/2025 2:33:34 PM	38.50	15.13	10.15	8.45	0.00	0.00	0.00	0.00	72.23	52.57	-0.53	28.26	20408	15128	4566	253	0	0	0	0	40354	95.90	63.83	24.11	132.55	83.34	126.91	250.35	0.95	29.81	31.69
7/3/2025 2:33:37 PM	36.90	15.05	11.93	6.93	0.00	0.00	0.00	0.00	70.82	50.64	-0.52	28.01	19557	15055	5370	208	0	0	0	0	40190	92.38	62.29	26.24	130.14	81.48	119.59	245.52	0.95	29.83	31.74
7/3/2025 2:33:40 PM	38.79	15.16	9.58	7.02	0.00	0.00	0.00	0.00	70.55	60.90	-0.51	27.82	20559	15159	4309	211	0	0	0	0	40238	111.08	59.34	21.46	128.12	82.14	121.96	241.45	0.95	29.80	31.72
7/3/2025 2:33:43 PM	31.31	14.05	15.16	1.12	0.00	0.00	0.00	0.00	61.63	59.43	-0.49	27.51	16592	14053	6821	34	0	0	0	0	37499	108.41	52.41	17.01	106.70	78.37	95.10	205.48	0.95	29.85	31.74
7/3/2025 2:33:45 PM	29.21	8.51	7.94	6.80	0.00	0.00	0.00	0.00	52.46	61.11	-0.46	27.05	15484	8512	3572	204	0	0	0	0	27772	111.47	48.94	17.36	90.74	65.62	88.64	189.42	0.95	29.85	31.72
7/3/2025 2:33:48 PM	30.33	8.51	7.52	5.65	0.00	0.00	0.00	0.00	52.01	61.63	-0.45	26.65	16074	8509	3385	169	0	0	0	0	28138	112.42	45.80	19.28	89.02	67.66	83.11	184.74	0.96	29.86	31.70
7/3/2025 2:33:51 PM	29.00	6.75	4.39	8.52	0.00	0.00	0.00	0.00	48.66	61.96	-0.41	26.46	15370	6749	1978	256	0	0	0	0	24353	113.02	45.50	19.60	85.01	61.57	84.00	178.91	0.96	29.87	31.75
7/3/2025 2:33:54 PM	26.51	9.66	10.75	3.25	0.00	0.00	0.00	0.00	50.19	61.01	-0.36	26.14	14052	9665	4839	98	0	0	0	0	28653	111.29	44.89	16.79	86.76	63.81	78.94	174.84	0.96	29.89	31.74
7/3/2025 2:33:56 PM	27.17	7.04	3.69	6.06	0.00	0.00	0.00	0.00	43.96	61.83	-0.37	25.45	14398	7040	1662	182	0	0	0	0	23282	112.79	37.86	12.53	75.14	56.91	76.06	155.64	0.96	29.85	31.70
7/3/2025 2:33:59 PM	10.19	3.91	3.36	2.62	0.00	0.00	0.00	0.00	20.09	58.47	-0.72	26.49	5402	3912	1512	79	0	0	0	0	10904	106.66	20.35	7.54	37.19	26.95	37.65	69.09	0.93	29.86	31.70
7/3/2025 2:34:02 PM	0.00	0.00	0.00	0.00	0.00	0.00	0.00	0.00	0.00	53.62	-0.86	27.40	0	0	0	0	0	0	0	0	0	97.81	-0.86	-0.48	0.67	-0.15	1.84	0.51	0.92	29.87	31.72
7/3/2025 2:34:04 PM	0.00	0.39	0.00	0.00	0.00	0.00	0.00	0.08	0.39	48.86	-0.86	27.45	0	393	0	0	0	0	0	0	393	89.14	-4.28	-0.08	3.32	2.87	5.53	0.74	0.92	29.93	31.78
7/3/2025 2:34:07 PM	0.00	0.46	0.00	0.00	0.00	0.00	0.00	0.04	0.46	49.36	-0.85	27.44	0	463	0	0	0	0	0	0	463	90.05	0.23	1.72	4.03	2.90	4.03	-1.91	0.92	29.89	31.69
7/3/2025 2:34:10 PM	0.00	0.00	0.00	0.00	0.00	0.00	0.00	0.00	0.00	39.60	-0.85	27.47	0	0	0	0	0	0	0	0	0	72.25	-3.07	-2.75	0.36	-1.99	1.84	2.44	0.92	29.90	31.77
7/3/2025 2:34:13 PM	0.00	0.12	0.00	0.00	0.00	0.00	0.00	0.27	0.12	37.30	-0.83	27.52	0	122	0	0	0	0	0	0	122	68.05	0.96	-0.46	3.20	6.04	2.97	-0.99	0.92	29.90	31.78
7/3/2025 2:34:15 PM	0.00	0.00	0.00	0.00	0.00	0.00	0.00	0.00	0.00	50.86	-0.85	27.54	0	0	0	0	0	0	0	0	0	92.78	-9.44	-6.12	-0.88	-0.93	1.64	1.31	0.92	29.94	31.75
7/3/2025 2:34:18 PM	0.00	0.01	0.00	0.00	0.00	0.00	0.00	0.00	0.01	40.62	-0.84	27.62	0	10	0	0	0	0	0	0	10	74.12	-4.70	-0.20	4.32	2.45	1.71	-4.96	0.92	29.96	31.85
7/3/2025 2:34:21 PM	0.00	0.45	0.00	0.00	0.00	0.00	0.00	0.00	0.45	35.52	-0.85	27.62	0	450	0	0	0	0	0	0	450	64.81	2.16	-5.12	4.92	0.95	4.05	-0.79	0.92	29.95	31.83
7/3/2025 2:34:24 PM	0.00	0.00	0.00	0.00	0.00	0.00	0.00	0.12	0.00	31.02	-0.84	27.60	0	0	0	0	0	0	0	0	0	56.61	0.41	-1.57	0.67	2.95	2.78	-0.23	0.92	29.94	31.80
7/3/2025 2:34:26 PM	0.00	0.00	0.00	0.00	0.00	0.00	0.00	0.00	0.00	25.71	-0.84	27.60	0	0	0	0	0	0	0	0	0	46.94	-5.44	-0.19	3.68	-1.84	0.29	2.02	0.92	29.92	31.82
7/3/2025 2:34:29 PM	0.00	0.00	0.00	0.00	0.00	0.00	0.00	0.00	0.00	21.76	-0.86	27.64	0	0	0	0	0	0	0	0	0	39.72	-0.73	-2.36	0.16	-1.73	1.70	-3.02	0.92	29.93	31.77
7/3/2025 2:34:31 PM	0.00	0.00	0.00	0.00	0.00	0.00	0.00	0.00	0.00	24.80	-0.85	27.65	0	0	0	0	0	0	0	0	0	45.27	-1.39	1.83	3.87	-1.88	1.17	0.87	0.92	29.96	31.88
7/3/2025 2:34:34 PM	0.00	0.00	0.00	0.00	0.00	0.00	0.00	0.04	0.00	22.30	-0.84	27.66	0	0	0	0	0	0	0	0	0	40.70	-1.14	1.08	-1.74	1.04	2.23	1.31	0.92	29.98	31.83
7/3/2025 2:35:51 PM	0.00	0.00	0.00	0.00	0.00	0.00	0.00	0.00	0.00	60.52	-0.85	26.93	0	0	0	0	0	0	0	0	0	110.40	1.14	-4.79	-1.14	1.52	6.08	-4.11	0.92	29.34	31.56
7/3/2025 2:35:54 PM	0.00	0.00	0.65	0.30	0.00	0.00	0.00	0.00	0.94	44.39	-0.84	26.83	0	0	291	9	0	0	0	0	300	80.99	5.05	-0.04	2.12	0.82	5.17	4.14	0.92	29.34	31.59
7/3/2025 2:35:57 PM	0.00	0.43	0.00	0.00	0.00	0.00	0.00	0.00	0.43	58.02	-0.85	26.64	0	429	0	0	0	0	0	0	429	105.84	-1.56	-0.64	5.07	0.69	3.60	0.41	0.92	29.35	31.61
7/3/2025 2:35:59 PM	0.00	0.00	0.00	0.00	0.00	0.00	0.00	0.17	0.00	53.77	-0.84	26.41	0	0	0	0	0	0	0	0	0	98.10	0.55	0.17	0.26	3.31	4.67	0.57	0.92	29.41	31.61
7/3/2025 2:36:02 PM	0.00	0.00	0.00	0.00	0.00	0.00	0.00	0.00	0.00	54.51	-0.85	26.50	0	0	0	0	0	0	0	0	0	99.43	-3.88	-1.82	1.62	0.98	1.25	0.07	0.92	29.45	31.66
7/3/2025 2:36:05 PM	0.00	1.68	0.00	0.00	0.00	0.00	0.00	0.00	1.68	60.81	-0.84	26.61	0	1680	0	0	0	0	0	0	1680	110.92	1.37	0.09	11.91	-1.19	5.82	-1.42	0.92	29.45	31.66
7/3/2025 2:36:08 PM	0.91	0.01	0.00	0.07	0.00	0.00	0.00	0.00	0.99	62.00	-0.85	26.75	483	10	0	2	0	0	0	0	495	113.09	0.59	1.98	3.22	1.53	3.85	4.26	0.92	29.48	31.66
7/3/2025 2:36:10 PM	1.15	1.28	0.00	0.00	0.00	0.00	0.00	0.22	2.43	62.62	-0.84	26.84	610	1281	0	0	0	0	0	0	1892	114.23	1.55	-1.56	5.70	7.64	11.22	5.68	0.92	29.50	31.67
7/3/2025 2:36:13 PM	0.00	0.22	0.00	0.00	0.00	0.00	0.00	0.33	0.22	61.07	-0.83	26.94	0	220	0	0	0	0	0	0	220	111.40	-0.09	-5.42	0.88	6.04	7.47	1.39	0.92	29.51	31.66
7/3/2025 2:36:16 PM	0.00	0.51	0.00	0.12	0.00	0.00	0.00	0.00	0.63	61.87	-0.71	26.98	0	510	0	4	0	0	0	0	514	112.86	-2.84	3.70	1.93	-1.72	8.36	3.14	0.93	29.50	31.66
7/3/2025 2:36:18 PM	1.78	2.09	0.61	0.00	0.00	0.00	0.00	0.00	4.49	59.75	-0.65	27.70	945	2090	276	0	0	0	0	0	3312	109.00	3.93	2.99	12.73	6.09	11.19	10.23	0.94	29.53	31.69
7/3/2025 2:36:22 PM	17.32	5.34	0.00	0.00	0.00	0.00	0.00	0.00	22.66	69.92	-0.59	28.87	9180	5338	0	0	0	0	0	0	14518	127.54	10.22	2.72	40.18	28.94	34.85	70.22	0.94	29.55	31.74
7/3/2025 2:36:24 PM	13.65	1.50	2.45	3.28	0.00	0.00	0.00	0.00	20.87	68.30	-0.56	28.52	7233	1499	1101	98	0	0	0	0	9932	124.58	21.37	7.42	31.32	35.89	33.61	76.29	0.95	29.58	31.69
7/3/2025 2:36:27 PM	13.23	1.14	0.42	4.20	0.00	0.00	0.00	0.00	19.00	69.58	-0.55	28.20	7014	1141	191	126	0	0	0	0	8471	126.91	18.42	10.87	31.70	29.24	31.53	72.09	0.95	29.56	31.67
7/3/2025 2:36:30 PM	12.65	1.35	1.90	3.94	0.00	0.00	0.00	0.00	19.83	70.16	-0.52	27.97	6706	1345	854	118	0	0	0	0	9023	127.97	20.34	10.66	32.93	29.67	32.47	76.11	0.95	29.60	31.67
7/3/2025 2:36:32 PM	14.82	4.31	6.09	0.75	0.00	0.00	0.00	0.00	25.96	70.95	-0.50	27.87	7852	4307	2740	22	0	0	0	0	14921	129.42	22.71	8.45	42.07	37.44	37.61	90.22	0.95	29.62	31.70
7/3/2025 2:36:36 PM	17.25	3.61	4.87	5.35	0.00	0.00	0.00	0.00	31.08	68.98	-0.46	27.83	9141	3609	2194	161	0	0	0	0	15104	125.83	32.78	12.09	52.40	42.79	53.51	116.48	0.95	29.65	31.70
7/3/2025 2:36:38 PM	15.80	6.45	11.67	1.60	0.00	0.00	0.00	0.00	35.53	70.23	-0.43	27.82	8374	6453	5253	48	0	0	0	0	20128	128.10	36.59	12.69	60.62	46.13	54.15	127.68	0.96	29.63	31.64
7/3/2025 2:36:41 PM	19.06	5.96	10.26	4.35	0.00	0.00	0.00	0.00	39.63	68.71	-0.41	27.75	10102	5960	4617	131	0	0	0	0	20810	125.33	42.28	13.40	66.78	52.24	64.93	146.22	0.96	29.65	31.69
7/3/2025 2:36:44 PM	21.62	3.81	6.68	9.55	0.00	0.00	0.00	0.00	41.65	65.54	-0.39	27.69	11457	3806	3006	286	0	0	0	0	18555	119.55	49.34	15.30	69.53	57.33	76.40	161.73	0.96	29.66	31.70
7/3/2025 2:36:46 PM	20.73	6.28	11.34	6.50	0.00	0.00	0.00	0.00	44.86	66.57	-0.38	27.70	10988	6284	5103	195	0	0	0	0	22570	121.43	51.00	16.20	76.25	59.51	76.57	167.82	0.96	29.70	31.74
7/3/2025 2:36:49 PM	21.42	6.70	10.20	6.48	0.00	0.00	0.00	0.00	44.79	64.81	-0.41	27.74	11352	6696	4590	194	0	0	0	0	22832	118.21	49.10	16.94	77.46	58.60	76.84	165.51	0.96	29.66	31.70
7/3/2025 2:36:52 PM	0.00	0.53	0.00	0.00	0.00	0.00	0.00	0.32	0.53	60.18	-0.81	27.81	0	531	0	0	0	0	0	0	531	109.77	-0.93	-0.55	5.35	6.21	4.24	1.79	0.92	29.68	31.69
7/3/2025 2:36:55 PM	0.00	0.23	0.25	0.00	0.00	0.00	0.00	0.00	0.48	58.42	-0.83	27.70	0	226	114	0	0	0	0	0	339	106.58	2.11	0.85	4.00	0.70	2.95	1.10	0.92	29.70	31.69
7/3/2025 2:36:57 PM	0.56	0.53	0.00	0.00	0.00	0.00	0.00	0.00	1.09	61.79	-0.83	27.65	298	526	0	0	0	0	0	0	824	112.72	-3.79	3.46	4.74	2.05	5.35	2.79	0.92	29.72	31.69
7/3/2025 2:37:00 PM	0.00	1.00	0.00	0.00	0.00	0.00	0.00	0.18	1.00	65.69	-0.84	27.68	0	998	0	0	0	0	0	0	998	119.83	-0.57	5.62	6.60	4.80	4.93	0.44	0.92	29.77	31.72
7/3/2025 2:37:03 PM	0.00	0.00	0.00	0.00	0.00	0.00	0.00	0.00	0.00	41.31	-0.83	27.68	0	0	0	0	0	0	0	0	0	75.37	-2.80	2.13	0.30	-1.01	-2.24	-0.09	0.92	29.72	31.72
7/3/2025 2:37:06 PM	0.00	0.81	0.00	0.00	0.00	0.00	0.00	0.00	0.81	59.59	-0.84	27.68	0	807	0	0	0	0	0	0	807	108.71	-2.63	-1.77	6.57	-0.15	5.61	-0.24	0.92	29.71	31.70
7/3/2025 2:37:09 PM	0.00	0.48	1.00	0.00	0.00	0.00	0.00	0.00	1.48	60.61	-0.84	27.70	0	481	449	0	0	0	0	0	929	110.56	8.61	-10.16	8.62	1.98	2.87	2.81	0.92	29.75	31.70
7/3/2025 2:37:11 PM	0.00	0.28	0.00	0.00	0.00	0.00	0.00	0.12	0.28	61.11	-0.83	27.72	0	283	0	0	0	0	0	0	283	111.48	0.97	-0.01	4.27	3.13	2.80	-0.18	0.92	29.76	31.74
7/3/2025 2:40:01 PM	0.00	0.23	0.00	0.00	0.00	0.00	0.00	0.00	0.23	52.59	-0.81	27.46	0	229	0	0	0	0	0	0	229	95.95	5.69	-5.66	7.42	-1.05	-0.06	-6.02	0.92	28.50	31.08
7/3/2025 2:40:04 PM	0.40	0.00	0.00	0.00	0.00	0.00	0.00	0.00	0.40	51.00	-0.70	27.41	209	0	0	0	0	0	0	0	209	93.04	-0.73	-1.67	2.62	-0.10	2.42	2.94	0.93	28.54	31.11
7/3/2025 2:40:06 PM	0.00	0.00	0.00	0.00	0.00	0.00	0.00	0.00	0.00	48.36	-0.63	26.93	0	0	0	0	0	0	0	0	0	88.23	-4.10	-0.63	-1.25	0.61	1.79	-1.53	0.94	28.63	31.16
7/3/2025 2:40:09 PM	3.63	0.76	0.00	0.00	0.00	0.00	0.00	0.08	4.40	57.28	-0.54	25.87	1925	764	0	0	0	0	0	0	2689	104.49	1.80	1.07	9.80	11.18	6.71	12.62	0.95	28.66	31.16
7/3/2025 2:40:11 PM	0.61	0.60	0.00	0.00	0.00	0.00	0.00	0.00	1.21	61.97	-0.79	25.25	321	602	0	0	0	0	0	0	923	113.04	0.67	0.57	4.95	1.50	5.60	2.90	0.92	28.69	31.12
7/3/2025 2:40:14 PM	0.65	0.34	0.00	0.00	0.00	0.00	0.00	0.00	0.99	63.22	-0.82	25.66	344	339	0	0	0	0	0	0	683	115.33	0.00	1.21	4.54	1.25	4.18	3.13	0.92	28.72	31.16
7/3/2025 2:40:17 PM	0.00	0.62	0.00	0.00	0.00	0.00	0.00	0.00	0.62	62.91	-0.82	26.23	0	622	0	0	0	0	0	0	622	114.76	0.82	-0.24	4.85	0.44	4.81	0.59	0.92	28.83	31.24
