Date/Time	Green Algae	Bluegreen	Diatoms	Cryptophyta	#5	#6	#7	Yellow substances	Total conc.	Transmission	Depth	Temp. Sample	Green Algae	Bluegreen	Diatoms	Cryptophyta	#5	#6	#7	Yellow substances	Total cell count	Trans. 700 nm	LED 3 [525 nm]	LED 4 [570 nm]	LED 5 [610 nm]	LED 6 [370 nm]	LED 7 [590 nm]	LED 8 [470 nm]	Pressure	Temp. LEDs	Temp. Sensor
date	µg/l	µg/l	µg/l	µg/l	µg/l	µg/l	µg/l	r.u.	µg/l	%	m	°C	cells/ml	cells/ml	cells/ml	cells/ml	cells/ml	cells/ml	cells/ml	r.u.	cells/ml	digits	digits	digits	digits	digits	digits	digits	bar	°C	°C
6/18/2025 2:07:35 PM	0.00	1.82	0.00	0.00	0.00	0.00	0.00	0.00	1.82	49.24	-0.83	28.45	0	1823	0	0	0	0	0	0	1823	89.84	0.38	0.66	9.48	1.56	8.94	-1.69	0.92	28.24	30.29
6/18/2025 2:07:38 PM	0.14	1.71	0.00	0.00	0.00	0.00	0.00	0.00	1.85	49.53	-0.82	28.46	73	1708	0	0	0	0	0	0	1781	90.35	1.60	1.14	9.75	1.66	7.53	1.36	0.92	28.23	30.37
6/18/2025 2:07:40 PM	0.00	1.88	0.00	0.00	0.00	0.00	0.00	0.03	1.88	49.43	-0.82	28.48	0	1880	0	0	0	0	0	0	1880	90.19	-0.29	1.54	9.97	3.47	8.42	-0.22	0.92	28.34	30.37
6/18/2025 2:07:43 PM	0.00	2.03	0.00	0.00	0.00	0.00	0.00	0.00	2.03	48.79	-0.82	28.52	0	2025	0	0	0	0	0	0	2025	89.02	1.47	3.51	9.39	1.09	9.76	0.66	0.92	28.38	30.39
6/18/2025 2:07:45 PM	0.26	1.61	0.00	0.00	0.00	0.00	0.00	0.08	1.87	48.48	-0.82	28.50	139	1609	0	0	0	0	0	0	1748	88.45	2.16	-0.16	9.66	3.82	7.23	1.73	0.92	28.41	30.40
6/18/2025 2:07:48 PM	0.26	2.23	0.00	0.00	0.00	0.00	0.00	0.00	2.49	49.24	-0.82	28.53	138	2228	0	0	0	0	0	0	2365	89.84	1.09	0.97	10.76	2.99	10.58	1.60	0.92	28.50	30.43
6/18/2025 2:07:51 PM	0.00	1.89	0.00	0.00	0.00	0.00	0.00	0.08	1.89	49.19	-0.82	28.47	0	1888	0	0	0	0	0	0	1888	89.74	-0.17	0.97	9.53	4.45	9.07	-0.54	0.92	28.50	30.39
6/18/2025 2:07:54 PM	0.45	1.66	0.00	0.00	0.00	0.00	0.00	0.00	2.12	49.21	-0.81	28.51	241	1664	0	0	0	0	0	0	1905	89.78	0.54	1.47	8.59	2.39	9.16	2.53	0.92	28.55	30.42
6/18/2025 2:07:56 PM	0.06	2.16	0.00	0.00	0.00	0.00	0.00	0.00	2.22	49.42	-0.82	28.51	30	2163	0	0	0	0	0	0	2193	90.15	1.71	-0.64	10.59	0.17	10.53	2.35	0.92	28.59	30.47
6/18/2025 2:07:59 PM	0.00	2.16	0.00	0.00	0.00	0.00	0.00	0.00	2.16	49.17	-0.81	28.52	0	2161	0	0	0	0	0	0	2161	89.71	-0.33	0.04	12.70	0.58	8.43	0.70	0.92	28.65	30.50
6/18/2025 2:08:02 PM	0.00	1.67	0.23	0.00	0.00	0.00	0.00	0.00	1.90	49.03	-0.82	28.52	0	1672	102	0	0	0	0	0	1775	89.45	2.37	0.38	9.77	1.46	7.63	2.00	0.92	28.69	30.51
6/18/2025 2:08:05 PM	0.00	1.82	0.07	0.00	0.00	0.00	0.00	0.00	1.89	49.88	-0.81	28.52	0	1822	30	0	0	0	0	0	1853	91.00	2.60	0.59	9.67	0.13	8.61	1.76	0.92	28.74	30.51
6/18/2025 2:08:07 PM	0.00	1.80	0.00	0.00	0.00	0.00	0.00	0.00	1.80	48.11	-0.81	28.53	0	1803	0	0	0	0	0	0	1803	87.78	-0.24	-0.23	8.89	1.69	9.60	-0.68	0.92	28.79	30.56
6/18/2025 2:08:10 PM	0.00	1.72	0.00	0.00	0.00	0.00	0.00	0.00	1.72	49.34	-0.81	28.52	0	1717	0	0	0	0	0	0	1717	90.01	0.05	-0.27	9.58	1.22	8.17	0.73	0.92	28.81	30.55
6/18/2025 2:08:13 PM	0.00	2.20	0.00	0.00	0.00	0.00	0.00	0.00	2.20	49.43	-0.81	28.52	0	2200	0	0	0	0	0	0	2200	90.19	2.17	2.75	10.57	2.51	9.57	-0.31	0.92	28.82	30.58
6/18/2025 2:08:15 PM	0.19	1.92	0.00	0.00	0.00	0.00	0.00	0.00	2.11	48.93	-0.81	28.53	99	1923	0	0	0	0	0	0	2022	89.27	2.39	0.22	11.53	2.82	7.20	0.99	0.92	28.87	30.61
6/18/2025 2:08:19 PM	0.00	2.13	0.00	0.00	0.00	0.00	0.00	0.00	2.13	50.47	-0.81	28.52	0	2133	0	0	0	0	0	0	2133	92.08	1.36	-0.06	11.53	2.84	8.70	-0.85	0.92	28.92	30.59
6/18/2025 2:08:21 PM	0.00	1.91	0.00	0.00	0.00	0.00	0.00	0.02	1.91	49.12	-0.81	28.53	0	1910	0	0	0	0	0	0	1910	89.61	1.72	1.50	10.88	2.76	7.35	0.30	0.92	28.95	30.63
6/18/2025 2:08:24 PM	0.00	1.64	0.00	0.00	0.00	0.00	0.00	0.00	1.64	50.13	-0.82	28.52	0	1639	0	0	0	0	0	0	1639	91.45	0.42	-0.56	8.73	1.99	8.31	0.13	0.92	28.96	30.61
6/18/2025 2:08:27 PM	0.00	2.09	0.00	0.00	0.00	0.00	0.00	0.00	2.09	49.08	-0.82	28.52	0	2088	0	0	0	0	0	0	2088	89.53	1.17	1.53	11.01	2.06	8.72	0.59	0.92	29.00	30.59
6/18/2025 2:08:29 PM	0.17	1.92	0.00	0.00	0.00	0.00	0.00	0.00	2.09	49.52	-0.83	28.55	88	1925	0	0	0	0	0	0	2013	90.34	0.61	1.05	10.09	2.07	9.02	1.54	0.92	29.07	30.68
6/18/2025 2:08:32 PM	0.00	1.90	0.00	0.00	0.00	0.00	0.00	0.00	1.91	49.74	-0.83	28.51	2	1902	0	0	0	0	0	0	1904	90.75	0.57	1.36	10.15	1.25	8.52	1.27	0.92	29.04	30.68
6/18/2025 2:08:35 PM	0.14	1.74	0.00	0.00	0.00	0.00	0.00	0.00	1.88	49.38	-0.75	28.46	72	1743	0	0	0	0	0	0	1816	90.08	1.40	1.65	10.15	2.24	7.20	1.02	0.93	29.09	30.71
6/18/2025 2:08:38 PM	0.00	1.61	0.00	0.00	0.00	0.00	0.00	0.05	1.61	50.40	-0.67	28.41	0	1611	0	0	0	0	0	0	1611	91.95	0.41	0.87	8.39	3.34	8.15	0.01	0.93	29.10	30.72
6/18/2025 2:08:40 PM	0.00	2.04	0.00	0.00	0.00	0.00	0.00	0.00	2.04	49.60	-0.64	28.43	0	2037	0	0	0	0	0	0	2037	90.49	0.88	0.62	10.79	1.06	8.98	1.40	0.94	29.16	30.76
6/18/2025 2:08:43 PM	24.61	0.00	0.00	21.44	0.00	0.00	0.00	0.00	46.05	22.85	-0.61	28.49	13044	0	0	643	0	0	0	0	13687	41.72	66.78	24.75	77.22	62.07	105.08	198.23	0.94	29.21	30.77
6/18/2025 2:08:46 PM	27.19	5.63	8.33	14.24	0.00	0.00	0.00	0.00	55.39	8.58	-0.56	26.87	14408	5633	3747	427	0	0	0	0	24216	15.70	66.25	27.26	99.25	68.04	103.30	218.86	0.94	29.20	30.74
6/18/2025 2:08:48 PM	24.60	6.30	8.69	14.06	0.00	0.00	0.00	0.00	53.65	7.70	-0.54	26.33	13038	6296	3909	422	0	0	0	0	23666	14.08	65.76	26.66	98.96	63.82	103.52	210.65	0.95	29.22	30.76
6/18/2025 2:08:51 PM	24.73	6.30	8.93	13.38	0.00	0.00	0.00	0.00	53.34	7.75	-0.51	26.25	13106	6301	4019	401	0	0	0	0	23827	14.18	64.60	25.65	97.42	64.06	101.56	208.75	0.95	29.24	30.77
6/18/2025 2:08:53 PM	25.66	6.33	8.98	13.07	0.00	0.00	0.00	0.00	54.03	7.89	-0.48	26.35	13598	6330	4040	392	0	0	0	0	24360	14.44	64.10	25.63	97.92	64.82	101.14	211.36	0.95	29.26	30.80
6/18/2025 2:08:56 PM	25.93	6.25	8.99	12.68	0.00	0.00	0.00	0.00	53.84	8.22	-0.46	26.54	13741	6246	4047	380	0	0	0	0	24415	15.04	63.14	24.67	96.78	64.62	99.91	210.68	0.96	29.32	30.84
6/18/2025 2:08:59 PM	26.16	6.02	8.41	13.44	0.00	0.00	0.00	0.00	54.03	8.12	-0.40	26.52	13864	6025	3784	403	0	0	0	0	24076	14.86	64.06	25.83	97.54	65.36	101.27	211.97	0.96	29.30	30.84
6/18/2025 2:09:02 PM	24.91	6.68	9.13	12.72	0.00	0.00	0.00	0.00	53.44	7.57	-0.38	26.49	13200	6678	4111	382	0	0	0	0	24370	13.85	63.54	25.56	97.63	64.22	100.54	207.33	0.96	29.31	30.87
6/18/2025 2:09:05 PM	24.66	6.46	9.08	12.76	0.00	0.00	0.00	0.00	52.97	7.90	-0.37	26.51	13070	6464	4088	383	0	0	0	0	24005	14.45	63.45	25.39	96.50	64.17	99.78	205.93	0.96	29.35	30.87
6/18/2025 2:09:07 PM	24.69	6.00	8.60	12.39	0.00	0.00	0.00	0.00	51.69	7.41	-0.33	26.32	13084	6005	3872	372	0	0	0	0	23332	13.55	61.44	24.42	93.12	63.48	96.49	201.34	0.97	29.37	30.88
6/18/2025 2:09:10 PM	24.51	5.11	8.16	10.94	0.00	0.00	0.00	0.00	48.71	8.48	-0.28	26.04	12988	5107	3670	328	0	0	0	0	22093	15.52	56.14	21.29	85.11	60.42	87.90	191.16	0.97	29.41	30.90
6/18/2025 2:09:13 PM	19.43	4.56	6.45	7.69	0.00	0.00	0.00	0.00	38.13	16.11	-0.42	26.03	10299	4565	2902	231	0	0	0	0	17996	29.43	42.17	15.55	67.21	46.34	68.76	147.62	0.96	29.40	30.88
6/18/2025 2:09:16 PM	0.00	0.41	0.00	0.00	0.00	0.00	0.00	0.02	0.41	61.09	-0.83	26.20	0	408	0	0	0	0	0	0	408	111.44	-0.93	-0.84	4.09	1.69	4.28	-0.17	0.92	29.43	30.90
6/18/2025 2:09:18 PM	0.00	0.29	0.00	0.28	0.00	0.00	0.00	0.00	0.58	65.56	-0.81	26.43	0	295	0	8	0	0	0	0	303	119.59	2.27	-0.85	2.62	1.66	6.38	0.66	0.92	29.45	30.93
6/18/2025 2:09:21 PM	0.20	0.35	0.00	0.00	0.00	0.00	0.00	0.00	0.55	65.77	-0.80	26.66	104	353	0	0	0	0	0	0	457	119.97	0.49	-1.27	4.75	1.42	3.38	0.72	0.92	29.45	30.95
6/18/2025 2:09:56 PM	0.20	0.33	0.26	0.00	0.00	0.00	0.00	0.00	0.78	65.90	-0.81	27.47	104	327	115	0	0	0	0	0	546	120.20	1.49	0.19	4.55	1.18	3.72	2.26	0.92	29.56	31.03
6/18/2025 2:09:59 PM	0.00	0.63	0.19	0.00	0.00	0.00	0.00	0.07	0.82	64.76	-0.80	27.51	0	630	87	0	0	0	0	0	717	118.13	2.16	3.94	5.66	2.73	3.38	0.96	0.92	29.60	31.04
6/18/2025 2:10:02 PM	0.00	0.96	0.00	0.00	0.00	0.00	0.00	0.00	0.96	63.87	-0.80	27.51	0	957	0	0	0	0	0	0	957	116.51	1.27	4.20	4.07	1.57	7.17	-1.63	0.92	29.61	31.03
6/18/2025 2:10:04 PM	0.00	0.57	0.00	0.00	0.00	0.00	0.00	0.00	0.57	64.39	-0.80	27.52	0	572	0	0	0	0	0	0	572	117.46	0.47	4.67	4.92	0.45	3.62	-1.27	0.92	29.62	31.06
6/18/2025 2:10:07 PM	0.00	0.73	0.10	0.00	0.00	0.00	0.00	0.12	0.83	64.95	-0.80	27.50	0	725	45	0	0	0	0	0	771	118.47	2.53	-0.36	5.26	3.24	5.12	0.91	0.92	29.61	31.03
6/18/2025 2:10:10 PM	0.00	0.00	0.00	0.00	0.00	0.00	0.00	0.00	0.00	63.71	-0.80	27.54	0	0	0	0	0	0	0	0	0	116.22	-1.56	2.33	4.33	1.27	0.53	-3.05	0.92	29.62	31.06
6/18/2025 2:10:13 PM	0.00	1.05	0.00	0.00	0.00	0.00	0.00	0.13	1.05	61.90	-0.80	27.53	0	1055	0	0	0	0	0	0	1055	112.91	0.06	0.95	4.96	4.33	7.80	-0.31	0.92	29.66	31.03
6/18/2025 2:10:15 PM	0.00	0.11	0.00	0.00	0.00	0.00	0.00	0.23	0.11	64.00	-0.80	27.54	0	108	0	0	0	0	0	0	108	116.75	-0.65	0.92	3.12	4.76	2.99	0.65	0.92	29.66	31.08
6/18/2025 2:10:18 PM	0.41	0.13	0.00	0.00	0.00	0.00	0.00	0.00	0.55	63.69	-0.79	27.53	219	132	0	0	0	0	0	0	351	116.17	-1.09	0.51	4.45	1.43	2.48	1.78	0.92	29.65	31.04
6/18/2025 2:10:21 PM	0.00	0.00	0.00	0.00	0.00	0.00	0.00	0.00	0.00	66.06	-0.80	27.53	0	0	0	0	0	0	0	0	0	120.49	3.05	3.56	2.26	-2.14	1.21	-6.06	0.92	29.65	31.06
6/18/2025 2:10:23 PM	0.00	0.37	0.00	0.00	0.00	0.00	0.00	0.00	0.37	63.62	-0.80	27.55	0	374	0	0	0	0	0	0	374	116.04	0.80	-2.65	4.76	2.05	3.31	-2.69	0.92	29.67	31.11
6/18/2025 2:10:27 PM	0.05	0.71	0.00	0.00	0.00	0.00	0.00	0.00	0.77	65.02	-0.80	27.54	28	713	0	0	0	0	0	0	741	118.61	-2.52	2.35	6.59	-2.29	4.45	3.18	0.92	29.70	31.09
6/18/2025 2:10:29 PM	0.04	0.00	0.00	0.00	0.00	0.00	0.00	0.21	0.04	63.80	-0.83	27.55	23	0	0	0	0	0	0	0	23	116.39	-2.00	3.81	2.31	3.92	1.97	1.94	0.92	29.66	31.08
6/18/2025 2:10:32 PM	0.00	0.00	0.00	0.20	0.00	0.00	0.00	0.13	0.20	64.26	-0.84	27.52	0	0	0	6	0	0	0	0	6	117.21	3.13	0.88	2.35	3.26	3.44	0.65	0.92	29.68	31.09
6/18/2025 2:10:35 PM	0.00	0.27	0.00	0.00	0.00	0.00	0.00	0.04	0.27	66.53	-0.83	27.45	0	272	0	0	0	0	0	0	272	121.35	3.32	-0.95	1.18	2.39	5.61	-2.35	0.92	29.69	31.11
6/18/2025 2:10:37 PM	0.00	0.77	0.00	0.06	0.00	0.00	0.00	0.00	0.83	64.45	-0.75	27.46	0	772	0	2	0	0	0	0	774	117.56	3.35	3.20	5.06	0.04	5.21	-0.55	0.93	29.74	31.17
6/18/2025 2:10:40 PM	0.00	0.00	0.00	0.00	0.00	0.00	0.00	0.00	0.00	65.22	-0.68	27.43	0	0	0	0	0	0	0	0	0	118.96	-1.26	0.78	3.87	-3.47	2.26	0.49	0.93	29.70	31.12
6/18/2025 2:10:43 PM	1.27	0.17	0.00	1.87	0.00	0.00	0.00	0.00	3.31	54.47	-0.65	27.34	674	166	0	56	0	0	0	0	896	99.37	4.29	1.75	4.90	6.74	15.73	12.81	0.94	29.70	31.16
6/18/2025 2:10:46 PM	21.06	6.02	14.44	11.84	0.00	0.00	0.00	0.00	53.36	11.01	-0.61	26.73	11162	6021	6498	355	0	0	0	0	24037	20.13	68.20	24.55	96.45	58.85	97.54	217.13	0.94	29.74	31.12
6/18/2025 2:10:48 PM	20.13	8.08	11.16	10.83	0.00	0.00	0.00	0.00	50.19	8.01	-0.58	26.19	10668	8082	5021	325	0	0	0	0	24095	14.66	59.82	23.82	97.01	51.10	96.62	195.18	0.94	29.75	31.16
6/18/2025 2:10:51 PM	20.64	7.85	9.57	10.14	0.00	0.00	0.00	0.00	48.20	7.18	-0.57	26.21	10939	7854	4304	304	0	0	0	0	23402	13.14	54.97	21.81	92.89	48.42	92.48	186.41	0.94	29.78	31.21
6/18/2025 2:10:54 PM	18.85	8.25	12.69	8.85	0.00	0.00	0.00	0.00	48.64	7.56	-0.54	26.36	9991	8250	5710	266	0	0	0	0	24216	13.84	57.23	20.60	92.57	49.19	91.18	188.18	0.95	29.73	31.17
6/18/2025 2:10:57 PM	19.22	8.50	11.53	9.30	0.00	0.00	0.00	0.00	48.56	7.60	-0.52	26.38	10187	8504	5191	279	0	0	0	0	24161	13.91	56.67	22.04	93.78	49.74	92.26	185.69	0.95	29.76	31.17
6/18/2025 2:11:00 PM	18.55	8.02	11.12	9.70	0.00	0.00	0.00	0.00	47.38	7.93	-0.51	26.37	9831	8016	5003	291	0	0	0	0	23141	14.51	56.49	21.19	91.49	48.48	91.60	182.65	0.95	29.75	31.19
6/18/2025 2:11:02 PM	19.32	8.55	11.32	9.08	0.00	0.00	0.00	0.00	48.26	7.67	-0.49	26.35	10242	8545	5093	272	0	0	0	0	24152	14.04	55.69	21.22	93.10	49.05	91.73	184.23	0.95	29.75	31.19
6/18/2025 2:11:05 PM	18.95	8.14	10.87	9.19	0.00	0.00	0.00	0.00	47.15	7.46	-0.47	26.34	10042	8142	4892	276	0	0	0	0	23352	13.66	54.88	21.31	90.96	48.37	89.86	180.55	0.95	29.76	31.19
6/18/2025 2:11:08 PM	18.58	8.37	11.13	8.53	0.00	0.00	0.00	0.00	46.62	7.65	-0.42	26.21	9850	8373	5009	256	0	0	0	0	23488	14.01	53.84	20.21	89.68	48.28	88.50	176.86	0.96	29.76	31.19
6/18/2025 2:11:11 PM	18.73	8.52	11.37	8.31	0.00	0.00	0.00	0.00	46.92	7.43	-0.39	26.02	9928	8521	5114	249	0	0	0	0	23812	13.60	53.78	20.37	90.21	48.48	88.38	177.68	0.96	29.76	31.19
6/18/2025 2:11:13 PM	19.10	7.97	10.55	8.41	0.00	0.00	0.00	0.00	46.03	7.74	-0.35	25.93	10124	7969	4748	252	0	0	0	0	23093	14.17	52.48	19.65	87.60	48.38	86.57	175.01	0.97	29.75	31.21
6/18/2025 2:11:16 PM	16.82	7.38	9.65	6.55	0.00	0.00	0.00	0.00	40.40	7.78	-0.32	25.86	8915	7375	4343	197	0	0	0	0	20830	14.24	45.06	16.89	76.83	42.99	74.95	151.53	0.97	29.75	31.22
6/18/2025 2:11:18 PM	16.16	7.08	8.72	5.87	0.00	0.00	0.00	0.00	37.82	8.30	-0.27	25.22	8564	7081	3923	176	0	0	0	0	19744	15.18	41.07	15.46	72.11	39.85	70.03	141.01	0.97	29.79	31.24
6/18/2025 2:11:22 PM	3.82	3.15	2.24	0.00	0.00	0.00	0.00	0.00	9.22	49.91	-0.78	25.19	2026	3151	1008	0	0	0	0	0	6186	91.05	7.56	5.44	22.57	8.60	16.63	28.80	0.92	29.76	31.21
6/18/2025 2:11:24 PM	0.05	0.25	0.00	0.25	0.00	0.00	0.00	0.00	0.55	61.47	-0.83	25.78	27	249	0	7	0	0	0	0	283	112.14	0.99	1.16	3.22	0.68	5.28	1.79	0.92	29.76	31.24
6/18/2025 2:11:27 PM	0.00	0.48	0.00	0.00	0.00	0.00	0.00	0.06	0.48	64.94	-0.83	25.88	0	480	1	0	0	0	0	0	481	118.46	1.36	0.41	4.79	1.85	3.53	0.37	0.92	29.75	31.22
6/18/2025 2:11:29 PM	0.15	0.32	0.00	0.00	0.00	0.00	0.00	0.00	0.47	63.91	-0.83	26.15	80	318	0	0	0	0	0	0	398	116.59	0.66	-0.06	3.54	1.33	4.05	0.52	0.92	29.77	31.24
6/18/2025 2:11:32 PM	0.00	0.39	0.00	0.00	0.00	0.00	0.00	0.07	0.39	66.28	-0.81	26.26	0	386	0	0	0	0	0	0	386	120.91	1.27	-0.52	3.64	2.08	4.26	0.27	0.92	29.78	31.25
6/18/2025 2:14:29 PM	0.05	0.72	0.00	0.46	0.00	0.00	0.00	0.00	1.23	65.12	-0.82	26.95	28	723	0	14	0	0	0	0	765	118.78	1.15	5.01	5.51	2.36	6.93	2.31	0.92	28.08	30.56
6/18/2025 2:14:33 PM	0.00	0.00	0.00	0.00	0.00	0.00	0.00	0.00	0.00	67.70	-0.81	26.93	0	0	0	0	0	0	0	0	0	123.50	-2.03	6.01	5.56	-2.46	-1.30	-1.06	0.92	28.18	30.61
6/18/2025 2:14:35 PM	0.63	0.00	0.00	0.00	0.00	0.00	0.00	0.00	0.63	44.24	-0.83	26.92	331	0	0	0	0	0	0	0	331	80.72	-0.42	-2.11	2.79	0.11	4.22	3.55	0.92	28.21	30.59
6/18/2025 2:14:38 PM	0.79	0.11	0.00	0.00	0.00	0.00	0.00	0.00	0.90	66.65	-0.81	26.91	421	107	0	0	0	0	0	0	528	121.58	0.01	0.29	6.84	2.78	0.17	2.60	0.92	28.24	30.58
6/18/2025 2:14:41 PM	0.00	0.42	0.00	0.18	0.00	0.00	0.00	0.00	0.59	65.04	-0.82	26.93	0	415	0	5	0	0	0	0	421	118.64	-0.65	4.75	2.68	1.35	6.03	0.91	0.92	28.29	30.56
6/18/2025 2:14:43 PM	0.67	0.01	0.00	0.00	0.00	0.00	0.00	0.00	0.68	64.60	-0.82	26.94	356	11	0	0	0	0	0	0	367	117.84	-1.44	-0.10	5.34	2.03	1.26	2.59	0.92	28.36	30.69
6/18/2025 2:14:46 PM	0.99	0.00	0.00	0.00	0.00	0.00	0.00	0.00	0.99	64.63	-0.82	26.88	526	0	0	0	0	0	0	0	526	117.88	0.89	-3.41	2.37	2.80	4.96	3.41	0.92	28.36	30.68
6/18/2025 2:14:49 PM	0.46	0.55	0.30	0.00	0.00	0.00	0.00	0.01	1.31	68.34	-0.83	26.88	245	547	136	0	0	0	0	0	928	124.66	2.53	-3.00	6.08	3.07	4.59	2.77	0.92	28.39	30.68
6/18/2025 2:14:52 PM	0.41	0.99	0.00	0.00	0.00	0.00	0.00	0.00	1.40	64.15	-0.78	26.84	216	995	0	0	0	0	0	0	1211	117.02	-6.80	-3.37	5.94	3.36	8.94	1.94	0.92	28.43	30.68
6/18/2025 2:14:54 PM	0.00	0.76	0.00	0.00	0.00	0.00	0.00	0.00	0.76	67.16	-0.70	26.82	0	758	0	0	0	0	0	0	758	122.50	-0.46	0.14	3.28	-1.95	8.51	-2.07	0.93	28.45	30.68
6/18/2025 2:14:57 PM	0.80	0.39	0.32	0.00	0.00	0.00	0.00	0.07	1.51	65.33	-0.68	26.88	424	387	144	0	0	0	0	0	955	119.16	2.20	2.12	5.30	4.67	4.07	4.43	0.93	28.52	30.69
6/18/2025 2:15:00 PM	0.00	0.52	0.00	0.00	0.00	0.00	0.00	0.00	0.52	66.27	-0.66	26.86	0	522	0	0	0	0	0	0	522	120.88	-2.37	0.62	4.12	-3.86	6.46	-0.80	0.94	28.52	30.68
6/18/2025 2:15:03 PM	0.00	0.44	0.00	0.00	0.00	0.00	0.00	0.11	0.44	65.45	-0.65	26.91	0	442	0	0	0	0	0	0	442	119.38	-0.66	-0.46	3.10	3.10	5.62	0.39	0.94	28.55	30.71
6/18/2025 2:15:05 PM	5.36	0.00	3.28	3.78	0.00	0.00	0.00	0.00	12.42	29.80	-0.62	26.90	2840	0	1475	113	0	0	0	0	4429	54.39	18.20	2.53	14.72	15.77	29.66	56.43	0.94	28.59	30.72
6/18/2025 2:15:08 PM	32.05	7.59	13.45	18.43	0.00	0.00	0.00	0.00	71.53	11.01	-0.59	26.45	16989	7593	6053	553	0	0	0	0	31187	20.13	85.61	32.63	132.45	68.93	135.15	296.63	0.94	28.59	30.72
6/18/2025 2:15:11 PM	28.00	11.67	15.00	14.91	0.00	0.00	0.00	0.00	69.58	6.92	-0.58	26.20	14838	11673	6749	447	0	0	0	0	33707	12.67	80.16	31.87	136.33	62.81	133.90	273.66	0.94	28.64	30.76
6/18/2025 2:15:14 PM	30.00	11.22	11.37	17.16	0.00	0.00	0.00	0.00	69.75	7.51	-0.57	26.19	15901	11220	5117	515	0	0	0	0	32753	13.74	79.82	32.99	137.93	63.62	138.83	274.22	0.94	28.66	30.74
6/18/2025 2:15:16 PM	28.21	11.37	14.11	15.76	0.00	0.00	0.00	0.00	69.45	8.10	-0.56	26.18	14952	11370	6350	473	0	0	0	0	33144	14.82	80.64	31.83	136.34	62.67	135.60	274.13	0.95	28.70	30.72
6/18/2025 2:15:19 PM	27.69	10.88	13.48	15.80	0.00	0.00	0.00	0.00	67.85	7.47	-0.55	26.19	14677	10878	6065	474	0	0	0	0	32094	13.68	79.35	31.13	133.00	61.89	133.22	268.33	0.95	28.69	30.72
6/18/2025 2:15:22 PM	28.20	10.86	12.37	16.03	0.00	0.00	0.00	0.00	67.46	7.65	-0.53	26.23	14946	10859	5567	481	0	0	0	0	31852	14.00	78.43	29.21	131.76	62.49	134.38	265.28	0.95	28.70	30.76
6/18/2025 2:15:24 PM	26.85	10.56	13.06	15.91	0.00	0.00	0.00	0.00	66.37	7.15	-0.53	26.26	14228	10557	5875	477	0	0	0	0	31137	13.08	78.72	30.76	130.26	61.58	131.55	262.25	0.95	28.76	30.76
6/18/2025 2:15:27 PM	27.30	11.20	13.29	14.92	0.00	0.00	0.00	0.00	66.70	7.90	-0.50	26.20	14468	11196	5981	447	0	0	0	0	32092	14.46	77.02	30.81	131.07	61.71	130.25	260.77	0.95	28.75	30.74
6/18/2025 2:15:30 PM	26.27	11.38	14.35	14.65	0.00	0.00	0.00	0.00	66.65	7.59	-0.48	26.09	13921	11378	6458	440	0	0	0	0	32196	13.88	78.02	30.57	131.24	61.12	130.26	260.86	0.95	28.79	30.77
6/18/2025 2:15:33 PM	25.82	11.75	14.64	14.01	0.00	0.00	0.00	0.00	66.22	7.36	-0.46	26.04	13685	11752	6586	420	0	0	0	0	32444	13.47	77.08	30.38	130.74	61.06	128.94	257.08	0.95	28.80	30.77
6/18/2025 2:15:35 PM	25.85	11.19	13.96	14.20	0.00	0.00	0.00	0.00	65.20	6.93	-0.46	25.94	13701	11194	6281	426	0	0	0	0	31601	12.68	75.94	30.48	128.54	60.11	126.88	254.58	0.95	28.80	30.79
6/18/2025 2:15:38 PM	25.52	10.82	13.16	14.58	0.00	0.00	0.00	0.00	64.08	7.96	-0.46	25.97	13527	10817	5923	437	0	0	0	0	30705	14.57	75.39	30.39	126.50	60.03	126.01	250.24	0.95	28.83	30.77
6/18/2025 2:15:41 PM	24.81	11.17	14.13	13.60	0.00	0.00	0.00	0.00	63.71	7.77	-0.43	25.99	13149	11173	6358	408	0	0	0	0	31089	14.22	74.76	28.99	125.34	59.86	124.41	247.26	0.96	28.85	30.79
6/18/2025 2:15:44 PM	25.74	10.78	12.71	14.30	0.00	0.00	0.00	0.00	63.54	7.52	-0.41	25.97	13644	10781	5720	429	0	0	0	0	30574	13.77	74.11	29.12	124.85	60.21	125.08	247.04	0.96	28.86	30.77
6/18/2025 2:15:46 PM	25.23	10.68	13.47	13.79	0.00	0.00	0.00	0.00	63.17	7.68	-0.40	25.86	13373	10680	6060	414	0	0	0	0	30526	14.05	73.95	29.09	123.66	60.01	122.95	246.07	0.96	28.85	30.79
6/18/2025 2:15:49 PM	25.64	11.08	13.63	13.37	0.00	0.00	0.00	0.00	63.72	7.48	-0.37	25.81	13591	11079	6133	401	0	0	0	0	31203	13.69	73.54	28.91	124.66	60.61	123.26	246.62	0.96	28.87	30.82
6/18/2025 2:15:52 PM	24.78	10.79	12.66	11.48	0.00	0.00	0.00	0.00	59.71	7.60	-0.36	25.75	13133	10786	5698	344	0	0	0	0	29962	13.90	66.39	26.24	116.48	56.47	113.65	228.96	0.96	28.90	30.80
6/18/2025 2:15:55 PM	21.07	9.89	11.25	8.63	0.00	0.00	0.00	0.00	50.84	7.81	-0.33	25.48	11167	9891	5062	259	0	0	0	0	26379	14.29	55.18	21.54	99.28	49.03	95.93	191.10	0.97	28.91	30.84
6/18/2025 2:15:57 PM	19.79	9.01	10.37	7.77	0.00	0.00	0.00	0.00	46.93	7.85	-0.30	25.30	10489	9009	4665	233	0	0	0	0	24396	14.36	50.72	19.80	90.97	46.58	87.87	175.92	0.97	28.89	30.79
6/18/2025 2:16:00 PM	18.18	9.15	10.58	6.04	0.00	0.00	0.00	0.00	43.95	7.80	-0.26	25.13	9637	9145	4763	181	0	0	0	0	23726	14.27	46.05	18.02	85.69	42.56	80.80	162.57	0.97	28.92	30.79
6/18/2025 2:16:03 PM	3.83	4.25	6.92	0.52	0.00	0.00	0.00	0.00	15.51	40.48	-0.72	25.61	2029	4250	3113	16	0	0	0	0	9406	73.86	18.65	2.06	30.44	15.69	31.43	54.52	0.93	28.93	30.82
6/18/2025 2:16:06 PM	0.48	0.00	0.00	0.00	0.00	0.00	0.00	0.00	0.48	57.62	-0.81	26.01	257	0	0	0	0	0	0	0	257	105.11	-0.82	1.65	3.76	2.04	1.51	1.73	0.92	28.96	30.84
6/18/2025 2:16:09 PM	0.10	0.00	0.00	0.00	0.00	0.00	0.00	0.00	0.10	47.28	-0.79	26.03	52	0	0	0	0	0	0	0	52	86.27	-4.27	-2.66	2.30	0.15	2.15	1.93	0.92	28.95	30.82
6/18/2025 2:16:11 PM	0.04	0.38	0.00	0.00	0.00	0.00	0.00	0.00	0.42	65.75	-0.78	26.09	21	377	0	0	0	0	0	0	398	119.94	0.12	-2.24	4.98	0.38	3.41	0.71	0.92	28.95	30.82
6/18/2025 2:16:14 PM	0.00	0.00	0.00	0.00	0.00	0.00	0.00	0.04	0.00	46.23	-0.77	26.15	0	0	0	0	0	0	0	0	0	84.34	0.34	-2.68	2.16	1.91	-4.18	-0.43	0.92	28.96	30.80
6/18/2025 2:17:09 PM	0.00	0.61	0.00	0.00	0.00	0.00	0.00	0.30	0.61	66.94	-0.80	26.40	0	609	0	0	0	0	0	0	609	122.10	1.11	-2.48	5.00	5.74	5.20	1.71	0.92	28.54	30.66
6/18/2025 2:17:12 PM	0.00	0.00	0.00	0.00	0.00	0.00	0.00	0.00	0.00	50.95	-0.81	26.40	0	0	0	0	0	0	0	0	0	92.94	2.28	-0.13	-2.28	0.46	6.21	-3.77	0.92	28.61	30.71
6/18/2025 2:17:15 PM	0.35	0.09	0.00	0.00	0.00	0.00	0.00	0.00	0.44	58.19	-0.81	26.36	185	95	0	0	0	0	0	0	280	106.15	0.11	-1.63	2.83	-0.55	4.32	2.61	0.92	28.61	30.69
6/18/2025 2:17:18 PM	0.00	0.91	0.00	0.00	0.00	0.00	0.00	0.00	0.91	63.53	-0.80	26.33	0	911	0	0	0	0	0	0	911	115.88	-0.75	2.47	7.36	-3.30	5.02	1.27	0.92	28.64	30.85
6/18/2025 2:17:20 PM	0.00	0.54	0.00	0.00	0.00	0.00	0.00	0.00	0.54	65.61	-0.82	26.37	0	541	0	0	0	0	0	0	541	119.69	1.54	0.16	4.58	0.97	4.22	-0.82	0.92	28.70	30.72
6/18/2025 2:17:23 PM	0.00	0.39	0.00	0.00	0.00	0.00	0.00	0.00	0.39	66.01	-0.81	26.37	0	385	0	0	0	0	0	0	385	120.41	0.81	-0.26	4.59	0.91	3.35	-2.03	0.92	28.72	30.76
6/18/2025 2:17:26 PM	0.00	0.75	0.37	0.00	0.00	0.00	0.00	0.00	1.12	63.31	-0.81	26.40	0	752	165	0	0	0	0	0	917	115.48	4.62	0.07	8.70	-0.86	2.31	2.19	0.92	28.74	30.74
6/18/2025 2:17:29 PM	0.00	0.00	0.00	0.04	0.00	0.00	0.00	0.00	0.04	61.25	-0.81	26.40	0	0	0	1	0	0	0	0	1	111.73	3.20	-3.54	-0.81	0.21	6.97	-1.79	0.92	28.73	30.71
6/18/2025 2:17:31 PM	0.00	0.00	0.00	0.00	0.00	0.00	0.00	0.00	0.00	49.85	-0.81	26.34	0	0	0	0	0	0	0	0	0	90.94	-2.78	2.85	1.44	-2.03	1.41	1.61	0.92	28.77	30.74
6/18/2025 2:17:34 PM	0.00	0.00	0.00	0.00	0.00	0.00	0.00	0.02	0.00	52.99	-0.80	26.24	0	0	0	0	0	0	0	0	0	96.67	-0.40	-11.70	0.83	2.16	2.60	-1.37	0.92	28.79	30.74
6/18/2025 2:17:37 PM	0.00	0.00	0.00	0.00	0.00	0.00	0.00	0.14	0.00	52.12	-0.75	26.27	0	0	0	0	0	0	0	0	0	95.08	-5.05	-3.84	-0.33	3.96	-3.65	0.83	0.93	28.81	30.76
6/18/2025 2:17:40 PM	0.00	0.34	0.00	0.00	0.00	0.00	0.00	0.05	0.34	61.65	-0.70	26.31	0	344	0	0	0	0	0	0	344	112.45	-2.29	4.42	1.64	2.23	5.72	0.17	0.93	28.79	30.72
6/18/2025 2:17:43 PM	0.54	0.31	0.00	0.00	0.00	0.00	0.00	0.00	0.85	65.91	-0.69	26.33	287	307	0	0	0	0	0	0	594	120.23	-0.04	-2.02	4.72	2.40	3.91	1.80	0.93	28.83	30.76
6/18/2025 2:17:45 PM	0.00	0.16	0.00	0.00	0.00	0.00	0.00	0.09	0.16	65.66	-0.64	26.33	0	163	0	0	0	0	0	0	163	119.77	0.66	0.27	2.17	2.23	4.15	0.39	0.94	28.84	30.71
6/18/2025 2:17:48 PM	37.33	0.00	5.26	21.67	0.00	0.00	0.00	0.00	64.26	37.21	-0.59	26.15	19785	0	2367	650	0	0	0	0	22802	67.89	80.57	29.36	96.42	87.13	121.94	275.36	0.94	28.85	30.72
6/18/2025 2:17:51 PM	60.21	4.53	9.65	29.77	0.00	0.00	0.00	0.00	104.16	25.52	-0.57	25.88	31913	4531	4345	893	0	0	0	0	41681	46.59	120.22	48.28	172.15	133.38	183.99	429.29	0.94	28.86	30.74
6/18/2025 2:17:54 PM	61.01	4.09	8.26	29.53	0.00	0.00	0.00	0.00	102.89	25.32	-0.53	25.86	32334	4092	3718	886	0	0	0	0	41030	46.22	116.90	45.84	168.74	131.40	181.73	424.91	0.95	28.89	30.72
6/18/2025 2:17:57 PM	61.14	4.48	7.84	29.93	0.00	0.00	0.00	0.00	103.38	25.21	-0.51	25.83	32402	4478	3528	898	0	0	0	0	41305	46.02	117.83	47.18	170.58	133.54	183.81	424.14	0.95	28.89	30.74
6/18/2025 2:17:59 PM	61.09	4.19	7.56	30.30	0.00	0.00	0.00	0.00	103.14	26.24	-0.48	25.83	32376	4191	3402	909	0	0	0	0	40878	47.90	118.15	47.50	170.08	133.63	183.83	424.06	0.95	28.90	30.76
6/18/2025 2:18:02 PM	58.36	4.34	7.76	29.31	0.00	0.00	0.00	0.00	99.78	26.09	-0.44	25.86	30931	4341	3494	879	0	0	0	0	39645	47.63	115.16	46.77	165.49	129.44	178.47	409.32	0.96	28.90	30.72
6/18/2025 2:18:05 PM	58.24	4.39	7.88	29.36	0.00	0.00	0.00	0.00	99.87	26.00	-0.42	25.86	30868	4388	3547	881	0	0	0	0	39684	47.46	115.57	46.12	165.54	129.55	179.27	409.67	0.96	28.91	30.77
6/18/2025 2:18:08 PM	57.25	4.36	8.15	28.84	0.00	0.00	0.00	0.00	98.60	26.11	-0.38	25.80	30342	4357	3668	865	0	0	0	0	39232	47.66	114.49	45.34	163.15	128.46	176.82	404.14	0.96	28.93	30.74
6/18/2025 2:18:10 PM	56.97	4.39	7.19	28.85	0.00	0.00	0.00	0.00	97.39	25.74	-0.37	25.78	30194	4389	3234	865	0	0	0	0	38682	46.99	112.35	45.64	162.26	125.87	175.42	399.09	0.96	28.94	30.74
6/18/2025 2:18:13 PM	56.11	5.14	7.82	27.68	0.00	0.00	0.00	0.00	96.75	25.36	-0.36	25.77	29741	5135	3519	830	0	0	0	0	39225	46.29	110.66	44.38	161.70	124.53	173.88	393.61	0.96	28.93	30.76
6/18/2025 2:18:16 PM	55.09	4.51	6.83	27.24	0.00	0.00	0.00	0.00	93.67	26.00	-0.33	25.74	29198	4508	3075	817	0	0	0	0	37598	47.47	106.99	43.10	155.87	121.34	168.36	382.13	0.97	28.93	30.74
6/18/2025 2:18:18 PM	51.93	4.53	8.50	23.59	0.00	0.00	0.00	0.00	88.54	25.82	-0.29	25.48	27523	4530	3823	708	0	0	0	0	36584	47.12	100.07	38.79	144.39	117.77	154.37	358.30	0.97	28.97	30.79
6/18/2025 2:18:22 PM	46.22	4.39	7.60	19.43	0.00	0.00	0.00	0.00	77.64	27.45	-0.26	25.18	24494	4390	3421	583	0	0	0	0	32888	50.10	84.99	31.80	126.05	101.73	133.85	312.94	0.97	28.96	30.79
6/18/2025 2:18:24 PM	41.18	4.32	7.25	16.62	0.00	0.00	0.00	0.00	69.38	28.34	-0.29	25.19	21825	4325	3263	499	0	0	0	0	29912	51.73	75.48	28.44	112.56	92.47	118.72	276.85	0.97	28.95	30.76
6/18/2025 2:18:27 PM	2.82	1.08	3.80	1.07	0.00	0.00	0.00	0.00	8.75	47.72	-0.74	25.66	1492	1077	1708	32	0	0	0	0	4309	87.05	12.51	1.80	15.30	12.08	17.77	34.48	0.93	28.95	30.76
6/18/2025 2:18:30 PM	0.00	0.00	0.00	0.00	0.00	0.00	0.00	0.00	0.00	44.17	-0.80	25.70	0	0	0	0	0	0	0	0	0	80.59	-0.13	-0.14	0.16	0.33	1.78	-1.93	0.92	28.96	30.77
6/18/2025 2:18:32 PM	0.00	0.00	0.00	0.00	0.00	0.00	0.00	0.00	0.00	23.49	-0.78	25.72	0	0	0	0	0	0	0	0	0	42.88	-3.07	-1.00	2.19	-3.38	0.69	1.85	0.92	29.02	30.80
6/18/2025 2:18:35 PM	0.00	0.84	0.00	0.00	0.00	0.00	0.00	0.02	0.84	67.65	-0.76	25.82	0	844	0	0	0	0	0	0	844	123.40	-0.15	-2.02	5.13	2.16	6.52	-0.20	0.93	28.98	30.72
6/18/2025 2:18:38 PM	0.00	0.23	0.17	0.00	0.00	0.00	0.00	0.09	0.39	65.81	-0.76	25.89	0	226	76	0	0	0	0	0	301	120.04	1.77	1.74	5.63	2.65	0.86	1.13	0.93	28.99	30.72
6/18/2025 2:19:29 PM	0.00	0.25	0.00	0.00	0.00	0.00	0.00	0.00	0.25	66.55	-0.82	26.02	0	249	0	0	0	0	0	0	249	121.39	0.93	-1.05	4.01	-0.79	3.30	0.08	0.92	28.72	30.69
6/18/2025 2:19:32 PM	0.00	0.18	0.00	0.00	0.00	0.00	0.00	0.09	0.18	41.50	-0.81	25.99	0	180	0	0	0	0	0	0	180	75.72	-2.79	-0.39	4.82	3.40	2.08	-0.85	0.92	28.76	30.68
6/18/2025 2:19:35 PM	0.00	1.02	0.00	0.00	0.00	0.00	0.00	0.07	1.02	72.78	-0.81	25.99	0	1022	0	0	0	0	0	0	1022	132.76	-2.12	5.32	8.84	5.13	2.71	-3.43	0.92	28.75	30.69
6/18/2025 2:19:37 PM	0.00	0.54	0.00	0.00	0.00	0.00	0.00	0.16	0.54	64.42	-0.82	26.02	0	538	0	0	0	0	0	0	538	117.51	-0.72	-4.92	3.75	4.95	6.47	-1.32	0.92	28.77	30.66
6/18/2025 2:19:40 PM	0.00	0.73	0.00	0.00	0.00	0.00	0.00	0.02	0.73	65.85	-0.82	26.08	0	725	0	0	0	0	0	0	725	120.11	3.49	-2.54	5.06	2.19	5.12	-1.72	0.92	28.80	30.72
6/18/2025 2:19:43 PM	0.00	0.00	0.00	0.00	0.00	0.00	0.00	0.23	0.00	59.52	-0.81	26.09	0	0	0	0	0	0	0	0	0	108.58	0.40	-3.08	-0.21	3.87	-1.80	2.56	0.92	28.85	30.76
6/18/2025 2:19:46 PM	0.24	0.24	0.00	0.00	0.00	0.00	0.00	0.15	0.48	61.31	-0.82	26.09	126	239	0	0	0	0	0	0	365	111.83	-2.18	-0.95	3.38	3.94	4.66	1.91	0.92	28.81	30.71
6/18/2025 2:19:48 PM	0.99	0.33	0.00	0.00	0.00	0.00	0.00	0.00	1.32	66.35	-0.81	26.09	525	334	0	0	0	0	0	0	859	121.03	1.01	-0.82	7.16	1.19	2.33	4.72	0.92	28.82	30.68
6/18/2025 2:19:51 PM	1.08	0.00	0.00	0.00	0.00	0.00	0.00	0.00	1.08	64.04	-0.81	26.03	571	0	0	0	0	0	0	0	571	116.82	-1.18	-0.43	1.38	0.92	2.97	6.16	0.92	28.84	30.72
6/18/2025 2:19:54 PM	0.00	0.00	0.00	0.00	0.00	0.00	0.00	0.00	0.00	69.31	-0.82	25.96	0	0	0	0	0	0	0	0	0	126.42	0.25	5.03	-0.81	-2.18	-0.87	-0.86	0.92	28.86	30.72
6/18/2025 2:19:56 PM	0.95	0.46	0.00	0.00	0.00	0.00	0.00	0.00	1.41	66.90	-0.78	25.92	506	459	0	0	0	0	0	0	965	122.03	0.41	0.56	7.02	1.56	3.14	4.48	0.92	28.89	30.74
6/18/2025 2:20:00 PM	0.43	0.44	0.00	0.00	0.00	0.00	0.00	0.00	0.87	67.21	-0.67	25.92	230	438	0	0	0	0	0	0	668	122.60	-2.14	0.17	5.90	0.76	3.70	2.73	0.93	28.86	30.71
6/18/2025 2:20:02 PM	0.00	0.45	0.00	0.00	0.00	0.00	0.00	0.00	0.45	66.97	-0.64	25.97	0	448	0	0	0	0	0	0	448	122.15	0.53	0.35	3.51	1.32	4.72	-0.59	0.94	28.89	30.74
6/18/2025 2:20:05 PM	1.66	0.45	0.00	0.00	0.00	0.00	0.00	0.00	2.10	39.29	-0.61	26.02	877	449	0	0	0	0	0	0	1326	71.68	0.63	1.41	5.51	3.73	5.64	6.46	0.94	28.89	30.71
6/18/2025 2:20:08 PM	4.44	1.31	2.16	3.81	0.00	0.00	0.00	0.00	11.73	28.34	-0.60	26.02	2356	1311	971	114	0	0	0	0	4752	51.72	16.65	5.91	24.11	12.53	27.64	48.27	0.94	28.90	30.72
6/18/2025 2:20:10 PM	15.47	5.46	4.84	9.22	0.00	0.00	0.00	0.00	34.99	11.98	-0.56	25.96	8198	5462	2179	276	0	0	0	0	16115	21.90	40.84	17.31	70.03	34.14	72.34	136.55	0.95	28.92	30.72
6/18/2025 2:20:13 PM	22.51	6.55	7.00	12.72	0.00	0.00	0.00	0.00	48.78	10.68	-0.53	25.68	11930	6553	3149	382	0	0	0	0	22014	19.52	56.33	23.11	94.09	47.71	96.64	194.64	0.95	28.93	30.72
6/18/2025 2:20:16 PM	22.78	7.22	7.78	11.64	0.00	0.00	0.00	0.00	49.41	9.81	-0.53	25.63	12071	7217	3501	349	0	0	0	0	23138	17.94	55.61	23.20	94.97	49.22	95.54	193.95	0.95	28.93	30.72
6/18/2025 2:20:19 PM	22.39	7.27	7.33	11.59	0.00	0.00	0.00	0.00	48.58	9.63	-0.53	25.56	11866	7273	3300	348	0	0	0	0	22787	17.61	54.65	23.43	94.09	48.64	94.58	189.64	0.95	28.94	30.72
6/18/2025 2:20:22 PM	21.06	6.27	6.65	10.99	0.00	0.00	0.00	0.00	44.96	10.12	-0.52	25.49	11159	6270	2992	330	0	0	0	0	20751	18.50	51.26	20.52	85.66	46.60	88.01	176.35	0.95	28.92	30.71
6/18/2025 2:20:24 PM	19.66	6.94	7.39	10.45	0.00	0.00	0.00	0.00	44.44	9.90	-0.50	25.18	10422	6938	3324	313	0	0	0	0	20998	18.09	50.95	21.10	86.54	44.68	87.49	172.62	0.95	28.94	30.76
6/18/2025 2:20:27 PM	17.15	7.99	8.28	9.15	0.00	0.00	0.00	0.00	42.57	9.12	-0.46	25.01	9088	7986	3726	275	0	0	0	0	21074	16.68	48.87	20.29	85.61	40.81	85.14	161.71	0.95	28.95	30.72
6/18/2025 2:20:30 PM	15.92	7.70	7.66	8.43	0.00	0.00	0.00	0.00	39.71	8.78	-0.44	25.00	8435	7705	3447	253	0	0	0	0	19840	16.06	45.39	18.87	80.40	38.07	80.02	149.72	0.96	28.95	30.74
6/18/2025 2:20:33 PM	16.11	7.64	7.40	8.49	0.00	0.00	0.00	0.00	39.64	8.75	-0.40	24.81	8537	7643	3328	255	0	0	0	0	19763	16.00	45.10	19.07	80.26	38.18	79.81	149.38	0.96	28.95	30.72
6/18/2025 2:20:35 PM	14.49	7.95	8.33	7.16	0.00	0.00	0.00	0.00	37.91	8.92	-0.37	24.78	7678	7946	3746	215	0	0	0	0	19585	16.32	43.12	17.41	77.05	36.36	75.81	140.83	0.96	28.94	30.72
6/18/2025 2:20:38 PM	13.33	8.12	8.23	5.92	0.00	0.00	0.00	0.00	35.59	9.11	-0.36	24.68	7064	8120	3704	177	0	0	0	0	19065	16.67	39.43	16.45	73.22	33.66	70.56	129.71	0.96	28.96	30.74
6/18/2025 2:20:41 PM	12.94	8.22	8.53	5.95	0.00	0.00	0.00	0.00	35.64	8.79	-0.35	24.67	6858	8218	3839	178	0	0	0	0	19093	16.08	40.13	16.28	73.40	33.99	71.19	129.55	0.97	28.95	30.69
6/18/2025 2:20:44 PM	13.24	7.99	7.91	6.11	0.00	0.00	0.00	0.00	35.25	8.77	-0.35	24.76	7017	7992	3560	183	0	0	0	0	18753	16.05	39.41	16.19	72.49	33.91	70.63	128.21	0.97	28.95	30.71
6/18/2025 2:20:47 PM	12.95	8.17	8.21	5.88	0.00	0.00	0.00	0.00	35.22	8.57	-0.34	24.83	6866	8172	3693	176	0	0	0	0	18908	15.68	39.43	16.14	72.59	33.95	70.47	127.39	0.97	28.94	30.72
6/18/2025 2:20:49 PM	12.86	8.05	8.02	5.52	0.00	0.00	0.00	0.00	34.46	8.49	-0.32	24.89	6818	8051	3610	166	0	0	0	0	18645	15.53	38.09	15.62	70.83	33.41	68.47	124.15	0.97	28.94	30.72
6/18/2025 2:20:52 PM	12.31	7.25	7.36	5.46	0.00	0.00	0.00	0.00	32.38	7.64	-0.34	24.89	6527	7253	3310	164	0	0	0	0	17254	13.98	35.96	14.97	66.41	31.21	64.33	118.10	0.97	29.00	30.74
6/18/2025 2:20:55 PM	0.04	0.04	0.00	0.00	0.00	0.00	0.00	0.00	0.08	58.63	-0.81	25.14	19	42	0	0	0	0	0	0	60	106.95	-3.35	0.34	2.98	-2.51	3.73	2.75	0.92	28.95	30.71
6/18/2025 2:20:57 PM	0.00	0.00	0.79	0.00	0.00	0.00	0.00	0.00	0.79	53.09	-0.81	25.31	0	0	354	0	0	0	0	0	354	96.86	2.66	2.36	1.27	1.15	3.48	4.10	0.92	28.98	30.72
6/18/2025 2:21:00 PM	0.21	0.45	0.00	0.00	0.00	0.00	0.00	0.00	0.66	67.38	-0.81	25.33	113	448	0	0	0	0	0	0	560	122.91	-1.21	0.93	4.26	1.37	4.58	1.13	0.92	28.98	30.72
6/18/2025 2:21:03 PM	0.27	0.55	0.00	0.00	0.00	0.00	0.00	0.00	0.82	67.26	-0.81	25.43	142	551	0	0	0	0	0	0	694	122.69	0.54	-1.77	4.94	1.66	4.90	1.10	0.92	28.96	30.74
6/18/2025 2:21:05 PM	0.29	0.18	0.00	0.08	0.00	0.00	0.00	0.00	0.55	67.62	-0.82	25.50	153	184	0	2	0	0	0	0	340	123.34	1.09	0.76	2.88	1.59	4.35	1.32	0.92	28.98	30.77
6/18/2025 2:21:50 PM	0.00	0.56	0.00	0.00	0.00	0.00	0.00	0.00	0.56	41.03	-0.81	25.65	0	560	0	0	0	0	0	0	560	74.87	-1.61	3.23	5.23	-1.05	4.09	0.90	0.92	28.73	30.66
6/18/2025 2:21:53 PM	0.00	0.56	0.00	0.00	0.00	0.00	0.00	0.00	0.56	58.83	-0.81	25.64	0	562	0	0	0	0	0	0	562	107.32	-5.47	-4.37	4.95	-0.37	6.81	-3.30	0.92	28.74	30.61
6/18/2025 2:21:56 PM	0.00	0.24	0.00	0.00	0.00	0.00	0.00	0.00	0.24	67.83	-0.80	25.64	0	238	0	0	0	0	0	0	238	123.73	-1.40	2.41	1.07	-0.70	6.45	-3.91	0.92	28.75	30.63
6/18/2025 2:21:59 PM	0.00	0.58	0.00	0.00	0.00	0.00	0.00	0.00	0.58	64.93	-0.73	25.59	0	583	0	0	0	0	0	0	583	118.44	0.38	0.04	5.38	1.00	3.88	0.02	0.93	28.74	30.64
6/18/2025 2:22:01 PM	0.00	0.45	0.00	0.00	0.00	0.00	0.00	0.00	0.45	66.88	-0.68	25.60	0	454	0	0	0	0	0	0	454	121.99	2.30	-0.22	4.72	1.84	3.20	-1.75	0.93	28.79	30.63
6/18/2025 2:22:04 PM	0.00	0.66	0.00	0.00	0.00	0.00	0.00	0.05	0.66	64.05	-0.66	25.62	0	660	0	0	0	0	0	0	660	116.83	-0.13	-0.26	3.82	2.37	6.25	-0.06	0.94	28.81	30.69
6/18/2025 2:22:07 PM	0.00	0.64	0.00	0.00	0.00	0.00	0.00	0.00	0.64	66.86	-0.64	25.65	0	641	0	0	0	0	0	0	641	121.95	1.28	-1.42	4.09	0.60	5.94	-0.51	0.94	28.82	30.66
6/18/2025 2:22:10 PM	0.03	0.74	0.00	0.00	0.00	0.00	0.00	0.00	0.78	62.85	-0.62	25.67	18	742	0	0	0	0	0	0	760	114.65	-0.06	-0.08	4.59	1.46	6.02	0.32	0.94	28.80	30.69
6/18/2025 2:22:13 PM	13.35	0.00	0.00	8.67	0.00	0.00	0.00	0.00	22.02	37.43	-0.59	25.65	7074	0	0	260	0	0	0	0	7334	68.29	30.41	9.17	25.43	29.05	51.10	95.97	0.94	28.81	30.69
6/18/2025 2:22:15 PM	28.06	3.01	5.52	17.37	0.00	0.00	0.00	0.00	53.97	30.67	-0.58	25.61	14874	3014	2484	521	0	0	0	0	20894	55.98	67.74	27.17	95.06	66.44	104.59	223.35	0.94	28.82	30.64
6/18/2025 2:22:18 PM	28.28	2.31	5.96	18.16	0.00	0.00	0.00	0.00	54.71	27.52	-0.59	25.53	14989	2311	2682	545	0	0	0	0	20527	50.23	69.94	28.27	95.75	66.55	105.39	230.63	0.94	28.81	30.63
6/18/2025 2:22:21 PM	27.52	4.05	5.51	16.62	0.00	0.00	0.00	0.00	53.70	21.75	-0.57	25.48	14587	4053	2477	499	0	0	0	0	21616	39.70	65.72	27.30	96.93	63.59	104.59	219.26	0.94	28.84	30.68
6/18/2025 2:22:24 PM	24.53	5.29	7.69	14.97	0.00	0.00	0.00	0.00	52.48	20.36	-0.55	25.50	13002	5290	3463	449	0	0	0	0	22203	37.18	64.91	26.80	97.11	59.77	102.31	211.61	0.95	28.85	30.69
6/18/2025 2:22:26 PM	24.14	4.94	6.37	14.65	0.00	0.00	0.00	0.00	50.10	20.16	-0.53	25.50	12797	4939	2865	440	0	0	0	0	21040	36.80	61.41	25.71	92.78	57.64	98.42	201.53	0.95	28.84	30.69
6/18/2025 2:22:29 PM	23.98	4.53	4.83	15.04	0.00	0.00	0.00	0.00	48.37	21.45	-0.52	25.50	12710	4526	2172	451	0	0	0	0	19859	39.16	59.52	25.63	89.95	56.87	96.72	194.19	0.95	28.83	30.64
6/18/2025 2:22:32 PM	23.77	4.96	6.72	14.12	0.00	0.00	0.00	0.00	49.57	20.40	-0.50	25.52	12601	4957	3022	424	0	0	0	0	21003	37.25	60.66	26.45	91.74	57.85	95.89	198.63	0.95	28.86	30.66
6/18/2025 2:22:35 PM	23.49	5.00	6.78	14.31	0.00	0.00	0.00	0.00	49.59	20.60	-0.46	25.46	12452	5001	3053	429	0	0	0	0	20935	37.60	61.05	25.76	92.08	56.81	97.06	199.42	0.96	28.85	30.68
6/18/2025 2:22:38 PM	25.06	4.58	5.74	14.86	0.00	0.00	0.00	0.00	50.24	20.26	-0.42	25.34	13280	4583	2582	446	0	0	0	0	20890	36.98	61.03	25.22	91.91	58.75	98.30	202.47	0.96	28.85	30.64
6/18/2025 2:22:40 PM	24.37	4.72	6.08	14.20	0.00	0.00	0.00	0.00	49.36	20.09	-0.39	25.17	12914	4716	2734	426	0	0	0	0	20791	36.68	59.80	24.64	90.38	57.66	96.10	198.24	0.96	28.84	30.63
6/18/2025 2:22:43 PM	24.55	4.98	6.18	14.34	0.00	0.00	0.00	0.00	50.05	20.20	-0.37	25.15	13013	4982	2782	430	0	0	0	0	21207	36.88	60.50	24.79	92.05	57.97	97.86	200.52	0.96	28.84	30.64
6/18/2025 2:22:46 PM	24.28	5.09	6.73	13.65	0.00	0.00	0.00	0.00	49.76	19.80	-0.35	25.16	12871	5093	3027	410	0	0	0	0	21400	36.16	59.58	24.09	91.17	57.10	96.09	199.24	0.97	28.86	30.68
6/18/2025 2:22:49 PM	23.87	5.19	6.52	13.78	0.00	0.00	0.00	0.00	49.37	20.01	-0.34	25.09	12653	5191	2936	413	0	0	0	0	21193	36.54	59.64	24.28	90.99	57.21	96.34	196.74	0.97	28.87	30.69
6/18/2025 2:22:51 PM	23.59	5.47	7.35	13.60	0.00	0.00	0.00	0.00	50.02	20.03	-0.33	25.05	12504	5470	3308	408	0	0	0	0	21690	36.58	60.77	24.75	92.38	57.81	97.07	198.94	0.97	28.85	30.64
6/18/2025 2:22:54 PM	23.70	5.20	6.89	13.57	0.00	0.00	0.00	0.00	49.36	20.01	-0.31	24.99	12560	5201	3101	407	0	0	0	0	21269	36.53	59.81	24.29	90.69	57.68	95.74	196.50	0.97	28.85	30.68
6/18/2025 2:22:57 PM	22.82	5.56	7.34	12.34	0.00	0.00	0.00	0.00	48.05	19.86	-0.28	24.88	12096	5557	3301	370	0	0	0	0	21324	36.26	57.44	23.25	88.33	56.40	92.13	189.09	0.97	28.85	30.69
6/18/2025 2:22:59 PM	21.48	5.62	8.02	10.96	0.00	0.00	0.00	0.00	46.08	19.45	-0.25	24.71	11386	5616	3610	329	0	0	0	0	20941	35.51	54.74	21.31	84.19	54.09	87.13	180.43	0.98	28.89	30.68
6/18/2025 2:23:03 PM	21.98	5.60	7.90	11.34	0.00	0.00	0.00	0.00	46.83	19.58	-0.23	24.61	11650	5602	3555	340	0	0	0	0	21147	35.76	55.74	22.02	85.52	55.36	88.62	183.41	0.98	28.85	30.63
6/18/2025 2:23:05 PM	20.73	5.26	8.01	10.80	0.00	0.00	0.00	0.00	44.80	18.97	-0.40	24.79	10985	5261	3604	324	0	0	0	0	20175	34.63	53.75	21.12	81.82	52.42	84.56	176.61	0.96	28.85	30.61
6/18/2025 2:23:08 PM	0.17	0.00	0.00	0.00	0.00	0.00	0.00	0.00	0.17	62.60	-0.80	25.03	90	0	0	0	0	0	0	0	90	114.19	-0.91	-0.42	0.63	-0.49	5.42	1.75	0.92	28.84	30.63
6/18/2025 2:23:11 PM	0.08	0.00	0.00	0.00	0.00	0.00	0.00	0.07	0.08	55.85	-0.80	25.06	40	0	0	0	0	0	0	0	40	101.88	-1.69	0.76	4.47	2.27	0.84	0.75	0.92	28.87	30.68
6/18/2025 2:23:13 PM	0.00	0.50	0.00	0.00	0.00	0.00	0.00	0.02	0.50	65.99	-0.81	25.10	0	499	0	0	0	0	0	0	499	120.37	1.23	0.17	3.66	1.68	4.87	-0.34	0.92	28.89	30.71
6/18/2025 2:23:16 PM	0.21	0.09	0.25	0.15	0.00	0.00	0.00	0.00	0.71	65.94	-0.81	25.16	114	85	115	5	0	0	0	0	319	120.29	1.63	-0.69	2.71	0.93	5.20	3.18	0.92	28.85	30.63
6/18/2025 2:23:19 PM	0.00	0.34	0.00	0.00	0.00	0.00	0.00	0.00	0.34	65.18	-0.80	25.23	0	335	0	0	0	0	0	0	335	118.90	0.03	-1.15	4.09	1.73	3.58	-1.35	0.92	28.84	30.64
6/18/2025 2:23:22 PM	0.00	0.36	0.00	0.06	0.00	0.00	0.00	0.00	0.42	64.72	-0.81	25.26	0	358	0	2	0	0	0	0	359	118.05	1.62	0.09	3.02	0.45	4.98	0.22	0.92	28.87	30.63
6/18/2025 2:23:25 PM	0.06	0.47	0.00	0.00	0.00	0.00	0.00	0.00	0.53	64.98	-0.82	25.30	31	470	0	0	0	0	0	0	501	118.52	0.98	0.68	3.75	0.96	4.64	0.41	0.92	28.87	30.68
6/18/2025 2:23:27 PM	0.00	0.31	0.00	0.00	0.00	0.00	0.00	0.00	0.31	64.06	-0.81	25.34	0	314	0	0	0	0	0	0	314	116.85	0.39	0.02	3.46	1.06	3.92	-1.02	0.92	28.89	30.69
6/18/2025 2:24:14 PM	0.78	0.00	0.00	0.00	0.00	0.00	0.00	0.02	0.78	27.37	-0.80	25.34	411	0	0	0	0	0	0	0	411	49.96	-3.00	-3.37	2.18	3.24	4.57	3.08	0.92	28.55	30.50
6/18/2025 2:24:17 PM	0.00	0.00	0.00	0.00	0.00	0.00	0.00	0.02	0.00	22.91	-0.81	25.35	0	0	0	0	0	0	0	0	0	41.82	-5.07	-2.16	2.98	3.09	0.80	-2.35	0.92	28.59	30.53
6/18/2025 2:24:20 PM	0.00	0.24	0.00	0.03	0.00	0.00	0.00	0.00	0.27	28.06	-0.81	25.35	0	241	0	1	0	0	0	0	242	51.21	2.79	1.49	0.83	0.54	5.84	-1.86	0.92	28.58	30.51
6/18/2025 2:24:23 PM	0.00	0.15	0.00	0.00	0.00	0.00	0.00	0.00	0.15	24.92	-0.80	25.38	0	145	0	0	0	0	0	0	145	45.48	-2.31	5.92	-0.69	-3.56	7.76	-3.04	0.92	28.61	30.51
6/18/2025 2:24:25 PM	0.00	0.21	0.35	0.00	0.00	0.00	0.00	0.12	0.55	61.05	-0.80	25.36	0	209	156	0	0	0	0	0	364	111.36	3.74	-2.82	2.28	3.62	5.30	1.29	0.92	28.60	30.48
6/18/2025 2:24:28 PM	0.00	0.00	0.00	0.00	0.00	0.00	0.00	0.00	0.00	39.49	-0.80	25.40	0	0	0	0	0	0	0	0	0	72.06	-7.94	0.96	-1.51	-2.57	2.98	0.44	0.92	28.65	30.53
6/18/2025 2:24:31 PM	0.00	0.00	0.00	0.00	0.00	0.00	0.00	0.03	0.00	46.00	-0.80	25.36	0	0	0	0	0	0	0	0	0	83.92	-3.53	-3.50	2.25	2.48	2.24	-1.26	0.92	28.65	30.53
6/18/2025 2:24:34 PM	0.49	0.60	0.05	0.00	0.00	0.00	0.00	0.08	1.14	57.35	-0.80	25.24	260	599	22	0	0	0	0	0	881	104.61	1.94	-1.09	5.62	3.54	4.76	2.40	0.92	28.64	30.50
6/18/2025 2:24:37 PM	0.47	0.00	0.00	0.00	0.00	0.00	0.00	0.00	0.47	48.50	-0.79	25.12	250	0	0	0	0	0	0	0	250	88.48	-3.51	1.89	-0.69	1.21	4.83	3.00	0.92	28.65	30.53
6/18/2025 2:24:39 PM	0.00	1.05	0.00	0.00	0.00	0.00	0.00	0.00	1.05	56.61	-0.80	25.07	0	1050	0	0	0	0	0	0	1050	103.27	-0.00	0.54	6.29	-0.00	6.65	1.17	0.92	28.65	30.50
6/18/2025 2:24:42 PM	0.00	0.17	0.00	0.00	0.00	0.00	0.00	0.00	0.17	66.02	-0.77	25.11	0	174	0	0	0	0	0	0	174	120.42	3.39	-0.23	4.07	-1.76	2.26	-0.20	0.92	28.67	30.51
6/18/2025 2:24:45 PM	0.50	0.27	0.00	0.00	0.00	0.00	0.00	0.00	0.78	65.48	-0.67	25.18	267	275	0	0	0	0	0	0	541	119.44	0.94	-1.56	3.41	1.32	4.89	2.19	0.93	28.65	30.56
6/18/2025 2:24:48 PM	0.00	0.72	0.00	0.00	0.00	0.00	0.00	0.00	0.72	67.85	-0.64	25.21	0	722	0	0	0	0	0	0	722	123.77	1.52	2.52	5.82	2.57	3.75	-4.62	0.94	28.65	30.51
6/18/2025 2:24:50 PM	13.14	0.00	0.00	7.59	0.00	0.00	0.00	0.00	20.73	23.24	-0.58	25.39	6966	0	0	228	0	0	0	0	7194	42.43	26.39	8.23	29.37	29.95	44.57	87.19	0.94	28.68	30.55
6/18/2025 2:24:53 PM	13.55	4.94	7.22	5.08	0.00	0.00	0.00	0.00	30.79	11.91	-0.57	26.03	7181	4941	3251	152	0	0	0	0	15525	21.77	32.84	15.38	59.64	28.20	54.64	121.51	0.94	28.69	30.53
6/18/2025 2:24:56 PM	14.64	7.43	7.55	2.37	0.00	0.00	0.00	0.00	31.98	13.12	-0.53	26.32	7760	7429	3396	71	0	0	0	0	18656	23.98	28.30	9.78	62.05	27.78	56.57	116.09	0.95	28.71	30.53
6/18/2025 2:24:59 PM	15.72	7.47	8.72	4.00	0.00	0.00	0.00	0.00	35.91	11.50	-0.51	26.09	8332	7465	3925	120	0	0	0	0	19842	21.02	34.59	12.86	69.85	30.25	64.25	135.56	0.95	28.67	30.48
6/18/2025 2:25:02 PM	18.07	7.50	9.34	4.28	0.00	0.00	0.00	0.00	39.18	10.17	-0.49	25.90	9577	7497	4201	128	0	0	0	0	21404	18.59	37.60	13.56	73.59	36.06	67.91	148.21	0.95	28.70	30.55
6/18/2025 2:25:04 PM	16.85	7.26	9.85	4.30	0.00	0.00	0.00	0.00	38.26	10.67	-0.46	25.79	8933	7260	4431	129	0	0	0	0	20753	19.51	37.97	14.04	72.35	34.68	66.41	146.02	0.95	28.70	30.48
6/18/2025 2:25:07 PM	16.34	6.93	8.75	5.14	0.00	0.00	0.00	0.00	37.16	11.07	-0.42	25.66	8661	6928	3939	154	0	0	0	0	19682	20.24	37.72	13.82	71.30	32.86	67.23	142.86	0.96	28.70	30.50
6/18/2025 2:25:10 PM	16.99	7.72	10.13	5.09	0.00	0.00	0.00	0.00	39.93	11.03	-0.40	25.54	9006	7718	4557	153	0	0	0	0	21434	20.15	40.53	14.64	76.81	34.45	71.60	153.27	0.96	28.72	30.51
6/18/2025 2:25:13 PM	18.22	8.11	10.14	5.72	0.00	0.00	0.00	0.00	42.19	11.12	-0.38	25.40	9657	8110	4564	171	0	0	0	0	22503	20.33	42.51	15.87	81.60	35.67	76.07	162.35	0.96	28.72	30.55
6/18/2025 2:25:15 PM	17.81	6.92	8.65	6.74	0.00	0.00	0.00	0.00	40.11	10.82	-0.36	25.34	9437	6922	3891	202	0	0	0	0	20451	19.78	41.83	15.07	77.05	34.68	74.46	157.05	0.96	28.71	30.51
6/18/2025 2:25:18 PM	17.19	6.99	9.03	6.55	0.00	0.00	0.00	0.00	39.76	10.77	-0.36	25.33	9109	6988	4066	196	0	0	0	0	20359	19.68	41.96	14.96	76.56	34.42	73.89	155.42	0.97	28.72	30.48
6/18/2025 2:25:21 PM	18.46	7.63	10.06	6.34	0.00	0.00	0.00	0.00	42.49	11.06	-0.34	25.35	9782	7630	4528	190	0	0	0	0	22130	20.21	44.00	16.35	81.37	37.29	76.84	164.97	0.97	28.70	30.45
6/18/2025 2:25:23 PM	19.65	8.16	10.94	6.27	0.00	0.00	0.00	0.00	45.03	11.08	-0.34	25.33	10417	8165	4922	188	0	0	0	0	23692	20.25	46.11	16.54	85.48	39.84	80.44	174.21	0.97	28.73	30.55
6/18/2025 2:25:27 PM	20.52	7.85	10.26	7.34	0.00	0.00	0.00	0.00	45.97	11.06	-0.30	25.14	10874	7855	4617	220	0	0	0	0	23565	20.21	47.75	17.58	87.23	41.20	83.27	179.30	0.97	28.74	30.53
6/18/2025 2:25:29 PM	20.87	8.39	11.25	7.34	0.00	0.00	0.00	0.00	47.86	10.88	-0.24	25.08	11060	8394	5064	220	0	0	0	0	24739	19.89	50.08	18.32	90.84	43.30	86.33	185.77	0.98	28.73	30.51
6/18/2025 2:25:32 PM	21.24	8.12	10.92	8.42	0.00	0.00	0.00	0.00	48.68	11.38	-0.19	24.90	11255	8117	4912	252	0	0	0	0	24536	20.80	52.22	19.33	92.58	44.33	89.29	190.64	0.98	28.70	30.51
6/18/2025 2:25:35 PM	12.87	5.51	7.49	4.48	0.00	0.00	0.00	0.00	30.35	25.38	-0.49	25.00	6820	5511	3370	134	0	0	0	0	15835	46.33	32.55	10.32	57.75	28.64	56.77	116.50	0.95	28.71	30.50
6/18/2025 2:25:37 PM	0.00	0.49	0.00	0.00	0.00	0.00	0.00	0.00	0.49	61.75	-0.79	25.30	0	489	0	0	0	0	0	0	489	112.64	1.04	0.28	4.46	0.51	4.12	-0.52	0.92	28.73	30.47
6/18/2025 2:25:40 PM	1.16	0.00	0.00	0.00	0.00	0.00	0.00	0.00	1.16	42.71	-0.80	25.29	613	0	0	0	0	0	0	0	613	77.93	-1.75	0.71	4.26	1.16	3.28	5.66	0.92	28.74	30.56
6/18/2025 2:25:43 PM	0.00	0.02	0.59	0.00	0.00	0.00	0.00	0.00	0.61	38.01	-0.78	25.28	0	17	265	0	0	0	0	0	283	69.36	1.90	0.88	6.71	-1.16	-0.14	4.34	0.92	28.72	30.47
6/18/2025 2:25:46 PM	0.00	0.00	0.00	0.49	0.00	0.00	0.00	0.00	0.49	24.49	-0.79	25.35	0	0	0	15	0	0	0	0	15	44.71	1.40	-0.28	-0.65	-0.81	10.18	1.77	0.92	28.71	30.50
6/18/2025 2:25:49 PM	0.00	0.00	0.00	0.00	0.00	0.00	0.00	0.00	0.00	28.83	-0.81	25.37	0	0	0	0	0	0	0	0	0	52.62	-4.08	3.89	2.99	-4.48	2.83	-2.36	0.92	28.72	30.59
6/18/2025 2:26:31 PM	0.19	0.04	0.00	0.00	0.00	0.00	0.00	0.00	0.23	26.86	-0.80	25.40	99	44	0	0	0	0	0	0	143	49.02	-4.72	1.06	4.17	-0.45	2.54	2.29	0.92	28.47	30.39
6/18/2025 2:26:34 PM	0.00	0.00	0.00	0.00	0.00	0.00	0.00	0.00	0.00	22.94	-0.80	25.37	0	0	0	0	0	0	0	0	0	41.89	-1.43	0.46	1.41	-1.67	1.48	0.81	0.92	28.51	30.40
6/18/2025 2:26:37 PM	0.00	0.00	0.27	0.00	0.00	0.00	0.00	0.00	0.27	23.82	-0.79	25.30	0	0	123	0	0	0	0	0	123	43.48	2.28	-1.67	4.00	-0.77	-0.23	2.44	0.92	28.49	30.37
6/18/2025 2:26:40 PM	0.00	0.00	0.00	0.00	0.00	0.00	0.00	0.06	0.00	22.93	-0.79	25.30	0	0	0	0	0	0	0	0	0	41.86	-2.06	5.32	0.11	2.39	-2.62	-0.15	0.92	28.51	30.40
6/18/2025 2:26:42 PM	0.00	0.00	0.68	0.00	0.00	0.00	0.00	0.00	0.68	24.21	-0.80	25.30	0	0	304	0	0	0	0	0	304	44.19	3.67	0.66	1.13	0.35	3.12	3.52	0.92	28.53	30.39
6/18/2025 2:26:45 PM	0.00	0.00	0.00	0.44	0.00	0.00	0.00	0.00	0.44	21.27	-0.79	25.35	0	0	0	13	0	0	0	0	13	38.83	1.80	3.92	-0.20	2.59	7.11	-0.26	0.92	28.56	30.43
6/18/2025 2:26:48 PM	0.00	0.00	0.00	0.00	0.00	0.00	0.00	0.03	0.00	33.69	-0.80	25.36	0	0	0	0	0	0	0	0	0	61.47	-1.97	0.13	1.18	2.09	0.20	-0.82	0.92	28.57	30.45
6/18/2025 2:26:51 PM	0.00	0.00	0.00	0.00	0.00	0.00	0.00	0.00	0.00	55.85	-0.79	25.29	0	0	0	0	0	0	0	0	0	101.88	-5.81	-2.48	0.31	0.68	3.27	-4.63	0.92	28.54	30.39
6/18/2025 2:26:53 PM	0.00	0.00	0.11	0.00	0.00	0.00	0.00	0.00	0.11	61.98	-0.80	25.19	0	0	49	0	0	0	0	0	49	113.06	0.81	0.28	0.99	-2.38	2.71	2.83	0.92	28.56	30.40
6/18/2025 2:26:56 PM	0.00	0.00	0.31	0.00	0.00	0.00	0.00	0.00	0.31	60.18	-0.69	25.17	0	0	142	0	0	0	0	0	142	109.78	3.82	0.85	3.74	0.26	0.62	0.89	0.93	28.57	30.40
6/18/2025 2:26:59 PM	0.00	0.38	0.00	0.00	0.00	0.00	0.00	0.33	0.38	57.03	-0.63	25.23	0	382	0	0	0	0	0	0	382	104.03	-5.33	5.35	4.61	10.87	3.16	-6.17	0.94	28.61	30.42
6/18/2025 2:27:02 PM	7.63	2.95	0.00	0.38	0.00	0.00	0.00	0.00	10.96	48.93	-0.60	25.25	4043	2954	0	11	0	0	0	0	7008	89.27	4.12	6.69	23.88	7.99	19.14	37.16	0.94	28.59	30.39
6/18/2025 2:27:04 PM	19.95	2.76	1.30	6.43	0.00	0.00	0.00	0.00	30.44	26.17	-0.56	25.93	10571	2765	587	193	0	0	0	0	14115	47.76	27.53	6.66	51.03	33.62	55.89	120.92	0.94	28.61	30.39
6/18/2025 2:27:07 PM	18.43	6.56	6.66	0.00	0.00	0.00	0.00	0.00	31.64	14.20	-0.54	25.97	9766	6561	2996	0	0	0	0	0	19323	25.94	20.90	7.00	56.38	28.10	46.45	115.59	0.95	28.61	30.42
6/18/2025 2:27:10 PM	21.20	7.35	6.42	2.49	0.00	0.00	0.00	0.00	37.46	19.85	-0.52	25.05	11236	7351	2889	75	0	0	0	0	21551	36.25	29.52	10.88	66.99	39.53	60.55	134.44	0.95	28.59	30.37
6/18/2025 2:27:12 PM	19.03	5.62	4.97	3.12	0.00	0.00	0.00	0.00	32.75	15.91	-0.49	25.04	10088	5623	2236	94	0	0	0	0	18040	29.07	26.47	10.45	58.56	33.65	53.56	121.56	0.95	28.63	30.40
6/18/2025 2:27:15 PM	16.05	3.33	3.99	6.81	0.00	0.00	0.00	0.00	30.18	16.28	-0.47	25.11	8508	3327	1796	204	0	0	0	0	13834	29.73	31.99	14.61	55.75	31.62	55.02	121.15	0.95	28.64	30.40
6/18/2025 2:27:18 PM	19.47	5.13	4.35	5.05	0.00	0.00	0.00	0.00	33.99	15.00	-0.45	25.14	10317	5127	1957	152	0	0	0	0	17552	27.40	29.58	11.06	61.82	32.15	59.28	131.47	0.96	28.65	30.42
6/18/2025 2:27:21 PM	19.87	3.94	3.42	8.50	0.00	0.00	0.00	0.00	35.73	14.39	-0.42	25.15	10533	3939	1538	255	0	0	0	0	16265	26.28	36.27	15.16	66.04	34.60	66.75	144.56	0.96	28.62	30.39
6/18/2025 2:27:24 PM	19.09	5.62	6.66	6.24	0.00	0.00	0.00	0.00	37.61	13.91	-0.40	25.16	10117	5620	2998	187	0	0	0	0	18921	25.41	36.96	14.37	69.69	35.27	66.73	147.73	0.96	28.62	30.37
6/18/2025 2:27:26 PM	21.55	5.42	6.68	6.91	0.00	0.00	0.00	0.00	40.55	14.07	-0.37	25.21	11421	5421	3005	207	0	0	0	0	20055	25.71	39.34	14.56	73.24	38.77	70.83	161.06	0.96	28.66	30.43
6/18/2025 2:27:29 PM	23.52	6.16	8.73	7.55	0.00	0.00	0.00	0.00	45.95	12.56	-0.34	25.16	12465	6158	3926	227	0	0	0	0	22776	22.94	45.47	15.94	82.62	42.92	79.55	183.86	0.97	28.65	30.40
6/18/2025 2:27:32 PM	23.69	6.96	9.95	7.66	0.00	0.00	0.00	0.00	48.27	12.51	-0.34	25.19	12558	6960	4479	230	0	0	0	0	24227	22.86	48.76	18.25	87.73	46.32	83.31	190.69	0.97	28.65	30.40
6/18/2025 2:27:35 PM	23.65	6.54	9.23	8.26	0.00	0.00	0.00	0.00	47.69	12.71	-0.32	25.19	12533	6542	4155	248	0	0	0	0	23478	23.22	48.82	18.01	86.60	45.99	83.63	189.55	0.97	28.64	30.40
6/18/2025 2:27:37 PM	23.67	7.47	11.35	7.64	0.00	0.00	0.00	0.00	50.13	13.54	-0.30	25.19	12544	7466	5109	229	0	0	0	0	25347	24.73	51.73	18.33	90.96	48.53	86.67	197.39	0.97	28.65	30.37
6/18/2025 2:27:40 PM	25.12	6.75	10.17	8.79	0.00	0.00	0.00	0.00	50.84	12.94	-0.29	25.15	13315	6752	4578	264	0	0	0	0	24909	23.65	52.68	18.87	91.28	50.28	88.54	202.33	0.97	28.68	30.45
6/18/2025 2:27:43 PM	24.86	7.00	10.88	8.99	0.00	0.00	0.00	0.00	51.73	13.11	-0.25	25.09	13175	6997	4898	270	0	0	0	0	25340	23.95	54.70	19.40	93.19	51.50	90.65	205.61	0.98	28.65	30.40
6/18/2025 2:27:46 PM	24.55	7.09	11.48	8.83	0.00	0.00	0.00	0.00	51.96	13.31	-0.20	24.99	13012	7094	5166	265	0	0	0	0	25536	24.33	55.35	19.55	93.56	51.76	90.66	206.51	0.98	28.66	30.42
6/18/2025 2:27:49 PM	7.36	0.98	2.72	2.64	0.00	0.00	0.00	0.00	13.69	31.66	-0.63	24.96	3903	977	1222	79	0	0	0	0	6181	57.78	15.65	3.57	22.98	16.86	25.73	56.05	0.94	28.67	30.40
6/18/2025 2:27:51 PM	0.00	0.08	0.03	0.17	0.00	0.00	0.00	0.00	0.27	62.29	-0.77	24.99	0	75	12	5	0	0	0	0	92	113.63	1.67	1.14	2.79	1.21	3.60	0.51	0.92	28.69	30.40
6/18/2025 2:27:54 PM	0.00	0.27	0.00	0.00	0.00	0.00	0.00	0.00	0.27	62.55	-0.76	25.00	0	269	0	0	0	0	0	0	269	114.10	0.51	-0.69	3.48	0.58	3.70	0.10	0.93	28.71	30.43
6/18/2025 2:27:57 PM	0.00	0.54	0.00	0.00	0.00	0.00	0.00	0.02	0.54	64.47	-0.74	25.12	0	536	0	0	0	0	0	0	536	117.60	0.92	-0.15	3.96	1.86	4.92	-0.65	0.93	28.69	30.39
6/18/2025 2:27:59 PM	0.15	0.11	0.00	0.00	0.00	0.00	0.00	0.00	0.26	64.22	-0.72	25.16	81	110	0	0	0	0	0	0	190	117.15	0.43	-0.39	2.43	0.48	3.91	0.93	0.93	28.67	30.37
6/18/2025 2:28:02 PM	0.00	0.07	0.00	0.00	0.00	0.00	0.00	0.00	0.07	63.12	-0.77	25.20	0	69	0	0	0	0	0	0	69	115.14	-2.90	3.19	3.69	-1.36	2.43	-0.83	0.92	28.66	30.42
6/18/2025 2:28:05 PM	0.00	0.39	0.00	0.00	0.00	0.00	0.00	0.00	0.39	61.73	-0.78	25.28	0	394	0	0	0	0	0	0	394	112.61	-0.16	-0.57	4.35	0.38	3.92	-0.28	0.92	28.69	30.39
6/18/2025 2:28:07 PM	0.17	0.60	0.00	0.00	0.00	0.00	0.00	0.00	0.77	58.41	-0.79	25.20	91	601	0	0	0	0	0	0	691	106.55	1.22	-3.84	6.56	-0.39	3.98	1.95	0.92	28.71	30.43
6/18/2025 2:28:10 PM	0.34	0.26	0.00	0.00	0.00	0.00	0.00	0.00	0.60	66.39	-0.80	25.18	181	259	0	0	0	0	0	0	440	121.10	0.34	-0.07	3.29	1.12	4.41	1.58	0.92	28.71	30.42
6/18/2025 2:28:13 PM	0.00	0.34	0.00	0.00	0.00	0.00	0.00	0.00	0.34	65.63	-0.81	25.21	0	344	0	0	0	0	0	0	344	119.71	-0.04	0.10	3.72	0.84	3.99	-0.76	0.92	28.68	30.40
6/18/2025 2:28:16 PM	0.00	0.42	0.00	0.00	0.00	0.00	0.00	0.03	0.42	64.51	-0.80	25.25	0	419	0	0	0	0	0	0	419	117.67	1.20	0.53	3.76	1.64	4.11	-0.34	0.92	28.69	30.42
6/18/2025 2:28:18 PM	0.06	0.47	0.00	0.00	0.00	0.00	0.00	0.03	0.53	64.24	-0.80	25.27	34	470	0	0	0	0	0	0	503	117.19	0.34	-0.05	3.65	1.66	5.00	0.47	0.92	28.70	30.40
6/18/2025 2:28:21 PM	0.00	0.58	0.00	0.00	0.00	0.00	0.00	0.00	0.58	64.61	-0.80	25.31	0	576	0	0	0	0	0	0	576	117.86	0.78	-0.48	4.33	0.39	5.09	0.32	0.92	28.72	30.40
6/18/2025 2:28:24 PM	0.06	0.54	0.00	0.00	0.00	0.00	0.00	0.00	0.60	64.07	-0.80	25.30	29	540	0	0	0	0	0	0	570	116.87	0.16	0.08	4.14	1.34	4.96	0.30	0.92	28.69	30.39
6/18/2025 2:28:27 PM	0.00	0.39	0.00	0.00	0.00	0.00	0.00	0.00	0.39	65.26	-0.81	25.31	0	392	0	0	0	0	0	0	392	119.05	-0.10	-0.57	3.72	0.63	4.47	0.29	0.92	28.71	30.43
6/18/2025 2:28:30 PM	0.27	0.47	0.00	0.00	0.00	0.00	0.00	0.00	0.73	65.23	-0.81	25.29	141	466	0	0	0	0	0	0	607	118.98	0.68	-0.22	3.71	0.94	5.36	1.48	0.92	28.71	30.40
6/18/2025 2:29:03 PM	0.00	0.00	0.21	0.00	0.00	0.00	0.00	0.00	0.21	48.65	-0.78	24.68	0	0	96	0	0	0	0	0	96	88.75	1.01	1.66	2.48	-0.90	1.65	2.37	0.92	28.65	30.37
6/18/2025 2:29:06 PM	0.00	0.68	0.00	0.00	0.00	0.00	0.00	0.00	0.68	59.00	-0.79	24.69	0	680	0	0	0	0	0	0	680	107.64	3.15	-3.50	7.62	-1.05	3.13	-3.54	0.92	28.69	30.39
6/18/2025 2:29:09 PM	0.00	0.28	0.00	0.00	0.00	0.00	0.00	0.00	0.28	58.63	-0.79	24.72	0	280	0	0	0	0	0	0	280	106.94	-6.96	-4.11	4.84	0.68	4.69	-2.51	0.92	28.65	30.35
6/18/2025 2:29:12 PM	0.00	0.00	0.00	0.00	0.00	0.00	0.00	0.09	0.00	65.60	-0.79	24.73	0	0	0	0	0	0	0	0	0	119.66	-0.99	-1.38	-0.76	2.32	3.09	0.59	0.92	28.65	30.34
6/18/2025 2:29:14 PM	0.00	0.00	0.00	0.00	0.00	0.00	0.00	0.04	0.00	69.41	-0.78	24.74	0	0	0	0	0	0	0	0	0	126.61	-2.96	0.38	2.00	1.73	3.42	0.35	0.92	28.66	30.32
6/18/2025 2:29:17 PM	0.00	0.52	0.00	0.00	0.00	0.00	0.00	0.00	0.52	64.86	-0.79	24.84	0	521	0	0	0	0	0	0	521	118.31	-0.50	-0.44	4.38	0.34	4.98	-0.91	0.92	28.71	30.39
6/18/2025 2:29:20 PM	0.13	0.56	0.00	0.00	0.00	0.00	0.00	0.00	0.69	64.95	-0.79	24.94	71	561	0	0	0	0	0	0	632	118.49	0.33	-0.05	4.53	1.16	4.90	0.80	0.92	28.67	30.37
6/18/2025 2:29:23 PM	0.28	0.00	0.00	0.00	0.00	0.00	0.00	0.00	0.28	68.19	-0.80	25.02	147	0	0	0	0	0	0	0	147	124.38	-3.03	0.32	1.97	0.87	4.28	1.62	0.92	28.67	30.37
6/18/2025 2:29:26 PM	0.47	0.08	0.00	0.00	0.00	0.00	0.00	0.00	0.55	77.39	-0.79	25.08	248	83	0	0	0	0	0	0	330	141.17	-1.07	-0.65	3.80	1.63	3.08	1.87	0.92	28.67	30.34
6/18/2025 2:29:28 PM	0.07	0.28	0.00	0.00	0.00	0.00	0.00	0.00	0.35	74.21	-0.79	25.15	39	276	0	0	0	0	0	0	314	135.36	-1.91	-0.67	4.83	0.20	3.01	1.16	0.92	28.69	30.37
6/18/2025 2:29:31 PM	0.11	0.24	0.00	0.00	0.00	0.00	0.00	0.00	0.35	65.89	-0.79	25.19	56	241	0	0	0	0	0	0	297	120.20	-0.05	0.03	2.99	0.73	4.18	0.70	0.92	28.71	30.42
6/18/2025 2:29:34 PM	0.00	0.00	0.00	0.00	0.00	0.00	0.00	0.00	0.00	79.91	-0.79	25.18	0	0	0	0	0	0	0	0	0	145.75	-1.25	-3.71	2.37	0.25	3.05	-0.88	0.92	28.68	30.37
6/18/2025 2:29:37 PM	0.00	0.30	0.00	0.00	0.00	0.00	0.00	0.00	0.30	73.36	-0.79	25.18	0	303	0	0	0	0	0	0	303	133.82	-1.58	-5.77	4.47	-3.05	5.03	2.33	0.92	28.70	30.37
6/18/2025 2:29:39 PM	0.71	0.00	0.00	0.00	0.00	0.00	0.00	0.00	0.71	79.12	-0.79	25.20	375	0	0	0	0	0	0	0	375	144.32	-2.64	2.38	1.74	-0.19	5.04	4.46	0.92	28.69	30.40
6/18/2025 2:29:42 PM	0.00	0.00	0.00	0.00	0.00	0.00	0.00	0.19	0.00	74.54	-0.79	25.19	0	0	0	0	0	0	0	0	0	135.96	-0.70	1.73	-3.55	2.62	-2.14	3.76	0.92	28.70	30.29
6/18/2025 2:29:44 PM	0.18	0.00	0.00	0.00	0.00	0.00	0.00	0.00	0.18	62.30	-0.79	25.01	96	3	0	0	0	0	0	0	99	113.64	-0.25	2.20	2.30	0.18	3.01	1.26	0.92	28.68	30.35
6/18/2025 2:29:47 PM	0.61	0.00	0.00	0.00	0.00	0.00	0.00	0.00	0.61	56.39	-0.77	24.86	326	0	0	0	0	0	0	0	326	102.87	-5.51	-2.39	2.64	1.74	1.82	3.80	0.92	28.72	30.39
6/18/2025 2:29:50 PM	0.00	0.00	0.00	0.00	0.00	0.00	0.00	0.00	0.00	55.41	-0.60	24.79	0	0	0	0	0	0	0	0	0	101.08	-3.02	2.72	-4.48	-3.38	4.89	1.12	0.94	28.68	30.32
6/18/2025 2:29:53 PM	0.00	0.00	0.00	1.28	0.00	0.00	0.00	0.38	1.28	65.19	-0.55	23.10	0	0	0	38	0	0	0	0	38	118.91	5.12	6.33	5.45	9.21	6.39	7.28	0.95	28.68	30.35
6/18/2025 2:29:56 PM	3.10	1.14	0.00	0.00	0.00	0.00	0.00	0.01	4.24	71.78	-0.50	22.02	1642	1143	0	0	0	0	0	0	2785	130.93	3.00	-1.34	10.40	9.21	8.09	10.46	0.95	28.67	30.32
6/18/2025 2:29:58 PM	0.22	1.79	1.87	0.00	0.00	0.00	0.00	0.00	3.89	9.16	-0.40	22.16	119	1792	842	0	0	0	0	0	2753	16.75	5.78	1.80	12.42	5.33	9.43	10.01	0.96	28.69	30.39
6/18/2025 2:30:01 PM	0.13	0.32	0.00	0.27	0.00	0.00	0.00	0.00	0.72	43.19	-0.73	22.43	71	318	0	8	0	0	0	0	398	78.80	1.28	1.91	4.31	0.46	4.87	2.52	0.93	28.70	30.39
6/18/2025 2:30:04 PM	0.00	0.57	0.00	0.00	0.00	0.00	0.00	0.00	0.57	57.89	-0.79	22.93	0	568	0	0	0	0	0	0	568	105.61	-3.75	4.19	5.32	2.09	3.65	-0.35	0.92	28.67	30.32
6/18/2025 2:30:07 PM	0.00	0.00	0.00	0.00	0.00	0.00	0.00	0.00	0.00	55.05	-0.78	23.24	0	0	0	0	0	0	0	0	0	100.42	-0.96	-1.32	4.04	0.52	-2.18	0.28	0.92	28.67	30.37
6/18/2025 2:30:09 PM	0.00	0.74	0.00	0.00	0.00	0.00	0.00	0.00	0.74	64.86	-0.78	23.54	0	742	0	0	0	0	0	0	742	118.31	-0.09	1.49	5.88	-0.12	4.60	0.87	0.92	28.67	30.35
6/18/2025 2:30:12 PM	0.00	0.46	0.00	0.00	0.00	0.00	0.00	0.00	0.46	62.94	-0.79	23.81	0	458	0	0	0	0	0	0	458	114.81	0.10	0.20	3.68	0.76	4.87	-0.63	0.92	28.66	30.35
6/18/2025 2:31:02 PM	0.00	0.49	0.00	0.00	0.00	0.00	0.00	0.00	0.49	63.07	-0.73	24.62	0	493	0	0	0	0	0	0	493	115.05	1.18	-0.28	3.82	1.10	4.74	0.04	0.93	28.22	30.14
6/18/2025 2:31:05 PM	0.00	0.56	0.00	0.00	0.00	0.00	0.00	0.03	0.56	62.16	-0.79	24.60	0	558	0	0	0	0	0	0	558	113.40	-0.62	0.33	3.65	2.19	5.59	-0.49	0.92	28.25	30.19
6/18/2025 2:31:08 PM	0.13	0.46	0.00	0.06	0.00	0.00	0.00	0.02	0.66	62.53	-0.77	24.50	71	465	0	2	0	0	0	0	537	114.06	0.80	0.83	3.18	1.82	5.77	0.91	0.92	28.24	30.08
6/18/2025 2:31:11 PM	0.00	0.57	0.00	0.00	0.00	0.00	0.00	0.00	0.57	62.54	-0.77	24.40	0	566	0	0	0	0	0	0	566	114.07	0.16	0.40	4.22	0.75	5.04	-0.15	0.92	28.25	30.08
6/18/2025 2:31:13 PM	0.13	0.49	0.00	0.00	0.00	0.00	0.00	0.00	0.61	62.65	-0.78	24.18	67	486	0	0	0	0	0	0	553	114.28	-0.09	-0.11	4.30	0.60	4.76	1.12	0.92	28.28	30.13
6/18/2025 2:31:16 PM	0.00	0.52	0.00	0.00	0.00	0.00	0.00	0.00	0.52	62.80	-0.78	24.14	0	524	0	0	0	0	0	0	524	114.55	-0.76	1.21	3.78	0.07	5.37	0.20	0.92	28.31	30.18
6/18/2025 2:31:19 PM	0.10	0.27	0.00	0.00	0.00	0.00	0.00	0.00	0.36	57.88	-0.78	24.11	51	269	0	0	0	0	0	0	320	105.58	-0.15	-2.06	2.19	-1.46	6.07	2.17	0.92	28.32	30.13
6/18/2025 2:31:22 PM	0.00	0.36	0.00	0.00	0.00	0.00	0.00	0.21	0.36	62.37	-0.77	24.13	0	365	0	0	0	0	0	0	365	113.78	0.11	1.34	2.84	5.46	4.88	-1.38	0.92	28.28	30.11
6/18/2025 2:31:24 PM	0.00	0.00	0.00	0.00	0.00	0.00	0.00	0.00	0.00	58.08	-0.77	24.17	0	0	0	0	0	0	0	0	0	105.94	-1.48	0.60	0.13	0.53	0.20	-0.13	0.92	28.30	30.16
6/18/2025 2:31:27 PM	0.00	1.09	0.00	0.00	0.00	0.00	0.00	0.00	1.09	63.17	-0.74	24.18	0	1086	0	0	0	0	0	0	1086	115.24	2.22	-0.02	5.28	0.86	7.77	-3.00	0.93	28.29	30.18
6/18/2025 2:31:30 PM	0.06	0.25	0.00	0.29	0.00	0.00	0.00	0.02	0.60	63.27	-0.69	24.24	32	253	0	9	0	0	0	0	294	115.42	1.77	0.07	3.06	2.03	5.71	1.48	0.93	28.31	30.14
6/18/2025 2:31:33 PM	0.00	0.35	0.27	0.00	0.00	0.00	0.00	0.00	0.61	62.55	-0.66	24.38	0	347	120	0	0	0	0	0	468	114.10	1.39	0.42	3.71	0.82	4.40	1.61	0.94	28.31	30.14
6/18/2025 2:31:36 PM	0.13	0.68	0.00	0.00	0.00	0.00	0.00	0.00	0.82	60.60	-0.59	24.36	71	685	0	0	0	0	0	0	755	110.54	0.56	-1.21	6.63	0.83	3.85	1.10	0.94	28.31	30.11
6/18/2025 2:31:38 PM	1.42	0.50	0.36	0.00	0.00	0.00	0.00	0.20	2.28	66.40	-0.53	22.74	750	499	164	0	0	0	0	0	1414	121.11	3.05	0.64	5.28	8.02	6.49	7.55	0.95	28.32	30.14
6/18/2025 2:31:41 PM	0.44	0.83	0.59	0.00	0.00	0.00	0.00	0.41	1.85	65.23	-0.50	22.04	232	829	264	0	0	0	0	0	1325	118.98	3.60	1.93	6.33	9.49	6.57	6.78	0.95	28.32	30.11
6/18/2025 2:31:44 PM	0.40	1.13	1.87	0.00	0.00	0.00	0.00	0.24	3.40	62.16	-0.43	22.09	211	1129	843	0	0	0	0	0	2183	113.38	6.27	1.77	8.63	10.48	8.71	10.67	0.96	28.30	30.08
6/18/2025 2:31:47 PM	0.69	1.21	0.98	0.00	0.00	0.00	0.00	0.14	2.88	54.27	-0.53	22.12	367	1211	442	0	0	0	0	0	2019	99.00	4.41	1.39	8.52	7.73	8.05	7.43	0.95	28.31	30.11
6/18/2025 2:31:50 PM	0.00	1.47	0.00	0.04	0.00	0.00	0.00	0.00	1.51	57.62	-0.76	22.42	0	1467	0	1	0	0	0	0	1468	105.10	0.66	7.83	7.95	-2.48	7.41	2.24	0.93	28.31	30.11
6/18/2025 2:31:52 PM	0.00	0.00	0.00	0.00	0.00	0.00	0.00	0.00	0.00	57.15	-0.78	22.77	2	0	0	0	0	0	0	0	2	104.25	-6.30	-2.15	0.50	0.13	4.50	1.64	0.92	28.30	30.10
6/18/2025 2:31:55 PM	0.00	0.22	0.07	0.00	0.00	0.00	0.00	0.04	0.29	64.22	-0.77	23.06	0	221	31	0	0	0	0	0	252	117.15	1.63	0.06	4.33	1.64	2.23	0.29	0.92	28.28	30.11
6/18/2025 2:31:58 PM	0.00	0.29	0.00	0.00	0.00	0.00	0.00	0.00	0.29	62.79	-0.76	23.31	0	288	0	0	0	0	0	0	288	114.55	-1.30	1.42	3.25	-0.96	4.34	1.37	0.93	28.30	30.11
