Date/Time	Green Algae	Bluegreen	Diatoms	Cryptophyta	#5	#6	#7	Yellow substances	Total conc.	Transmission	Depth	Temp. Sample	Green Algae	Bluegreen	Diatoms	Cryptophyta	#5	#6	#7	Yellow substances	Total cell count	Trans. 700 nm	LED 3 [525 nm]	LED 4 [570 nm]	LED 5 [610 nm]	LED 6 [370 nm]	LED 7 [590 nm]	LED 8 [470 nm]	Pressure	Temp. LEDs	Temp. Sensor
date	µg/l	µg/l	µg/l	µg/l	µg/l	µg/l	µg/l	r.u.	µg/l	%	m	°C	cells/ml	cells/ml	cells/ml	cells/ml	cells/ml	cells/ml	cells/ml	r.u.	cells/ml	digits	digits	digits	digits	digits	digits	digits	bar	°C	°C
6/18/2025 12:25:53 PM	0.00	2.64	0.00	0.00	0.00	0.00	0.00	0.35	2.64	50.43	-0.72	24.70	0	2644	0	0	0	0	0	0	2644	92.00	-0.53	1.25	12.08	8.66	12.44	2.26	0.93	24.95	25.31
6/18/2025 12:25:56 PM	0.90	1.33	0.00	0.00	0.00	0.00	0.00	0.00	2.23	51.89	-0.62	24.70	476	1332	0	0	0	0	0	0	1808	94.66	-1.52	1.93	13.35	-1.15	3.57	7.03	0.94	25.01	25.32
6/18/2025 12:25:59 PM	0.00	1.78	0.00	0.00	0.00	0.00	0.00	0.00	1.78	48.72	-0.60	24.66	0	1785	0	0	0	0	0	0	1785	88.89	1.59	1.97	8.57	4.60	8.67	-5.69	0.94	25.01	25.34
6/18/2025 12:26:02 PM	15.80	0.00	0.00	22.73	0.00	0.00	0.00	0.00	38.53	28.50	-0.57	24.69	8376	0	0	682	0	0	0	0	9058	52.01	64.80	18.00	68.19	40.31	108.51	177.43	0.94	25.05	25.37
6/18/2025 12:26:04 PM	46.82	24.50	30.51	34.85	0.00	0.00	0.00	0.00	136.69	15.86	-0.54	24.72	24817	24497	13732	1046	0	0	0	0	64091	28.96	168.89	67.06	281.17	106.80	281.12	546.59	0.95	25.09	25.39
6/18/2025 12:26:07 PM	43.42	22.50	29.90	36.06	0.00	0.00	0.00	0.00	131.87	14.86	-0.51	24.40	23011	22496	13453	1082	0	0	0	0	60042	27.14	169.20	68.46	272.30	104.75	274.60	532.63	0.95	25.12	25.39
6/18/2025 12:26:10 PM	38.51	20.94	33.24	34.55	0.00	0.00	0.00	0.00	127.24	15.62	-0.48	24.14	20411	20944	14958	1036	0	0	0	0	57350	28.53	169.20	63.48	260.42	100.23	264.79	521.07	0.95	25.17	25.44
6/18/2025 12:26:13 PM	37.68	21.06	32.94	31.81	0.00	0.00	0.00	0.00	123.49	13.80	-0.46	23.69	19969	21062	14823	954	0	0	0	0	56809	25.21	161.64	60.85	252.26	97.74	253.89	501.90	0.96	25.18	25.39
6/18/2025 12:26:15 PM	36.21	20.70	32.48	28.90	0.00	0.00	0.00	0.00	118.30	15.65	-0.45	23.60	19194	20704	14615	867	0	0	0	0	55380	28.59	153.42	58.20	240.50	96.51	239.81	476.40	0.96	25.23	25.42
6/18/2025 12:26:18 PM	33.29	22.42	32.88	23.24	0.00	0.00	0.00	0.00	111.83	15.15	-0.42	23.20	17642	22423	14796	697	0	0	0	0	55558	27.68	140.01	52.94	228.92	90.72	222.77	438.34	0.96	25.25	25.44
6/18/2025 12:26:21 PM	32.23	21.80	32.00	22.41	0.00	0.00	0.00	0.00	108.44	15.72	-0.40	22.80	17081	21802	14398	672	0	0	0	0	53953	28.70	134.98	50.73	222.63	84.84	216.13	427.02	0.96	25.28	25.47
6/18/2025 12:26:23 PM	32.07	22.14	32.97	22.57	0.00	0.00	0.00	0.00	109.76	16.05	-0.38	22.81	16998	22144	14834	677	0	0	0	0	54653	29.32	137.08	51.83	225.75	85.10	218.44	432.82	0.96	25.31	25.50
6/18/2025 12:26:27 PM	25.28	19.18	28.72	20.08	0.00	0.00	0.00	0.00	93.26	16.13	-0.34	22.32	13398	19176	12924	602	0	0	0	0	46100	29.45	118.82	44.82	195.44	67.21	189.93	371.01	0.97	25.35	25.52
6/18/2025 12:26:29 PM	20.04	17.22	26.55	14.43	0.00	0.00	0.00	0.00	78.24	17.35	-0.32	21.98	10622	17221	11948	433	0	0	0	0	40223	31.69	98.80	36.71	163.56	58.20	156.06	305.93	0.97	25.35	25.58
6/18/2025 12:26:32 PM	18.08	12.93	20.12	11.45	0.00	0.00	0.00	0.00	62.58	17.47	-0.28	22.11	9585	12929	9053	344	0	0	0	0	31910	31.91	77.75	27.60	127.57	50.48	123.48	244.55	0.97	25.37	25.57
6/18/2025 12:26:35 PM	15.65	10.75	16.04	8.98	0.00	0.00	0.00	0.00	51.42	17.11	-0.26	22.15	8297	10746	7219	269	0	0	0	0	26532	31.24	62.25	22.26	104.79	41.48	101.00	199.86	0.97	25.38	25.57
6/18/2025 12:26:37 PM	14.53	11.05	15.79	8.12	0.00	0.00	0.00	0.00	49.50	17.02	-0.27	22.19	7703	11053	7106	244	0	0	0	0	26106	31.08	59.46	21.39	102.10	39.36	97.71	189.87	0.97	25.42	25.63
6/18/2025 12:26:40 PM	7.15	3.42	4.78	4.21	0.00	0.00	0.00	0.00	19.56	47.99	-0.67	22.57	3791	3417	2152	126	0	0	0	0	9487	87.55	22.70	6.99	40.77	11.89	41.60	81.15	0.93	25.44	25.60
6/18/2025 12:26:43 PM	0.00	0.56	0.00	0.08	0.00	0.00	0.00	0.00	0.64	62.80	-0.78	23.13	0	560	0	2	0	0	0	0	562	114.56	1.86	6.21	4.92	-1.75	3.94	0.74	0.92	25.45	25.63
6/18/2025 12:26:46 PM	0.48	0.65	0.00	0.00	0.00	0.00	0.00	0.00	1.13	63.63	-0.72	23.25	255	650	0	0	0	0	0	0	905	116.06	-0.74	2.43	6.90	2.41	3.34	1.88	0.93	25.46	25.63
6/18/2025 12:26:49 PM	0.00	0.56	0.00	0.33	0.00	0.00	0.00	0.00	0.89	63.26	-0.78	23.39	0	557	0	10	0	0	0	0	567	115.40	0.69	4.57	3.69	-1.06	7.48	2.48	0.92	25.49	25.57
6/18/2025 12:26:51 PM	0.00	0.00	0.00	0.00	0.00	0.00	0.00	0.17	0.00	65.72	-0.77	23.45	0	0	0	0	0	0	0	0	0	119.88	-0.26	2.61	3.14	3.67	-1.11	0.38	0.92	25.52	25.68
6/18/2025 12:26:54 PM	0.00	0.51	0.00	0.00	0.00	0.00	0.00	0.18	0.51	65.28	-0.77	23.51	0	509	0	0	0	0	0	0	509	119.08	1.56	0.45	3.27	3.84	5.48	0.72	0.92	25.52	25.68
6/18/2025 12:26:57 PM	0.00	0.19	0.00	0.00	0.00	0.00	0.00	0.00	0.19	65.37	-0.77	23.61	0	187	0	0	0	0	0	0	187	119.24	-2.57	-4.61	2.40	-0.23	5.95	-1.76	0.92	25.55	25.68
6/18/2025 12:27:58 PM	0.00	0.45	0.00	0.00	0.00	0.00	0.00	0.10	0.45	66.88	-0.77	23.87	0	452	0	0	0	0	0	0	452	121.99	0.67	0.23	1.94	2.67	6.56	0.34	0.92	25.30	25.68
6/18/2025 12:28:01 PM	0.00	0.41	0.00	0.00	0.00	0.00	0.00	0.00	0.41	65.86	-0.76	23.90	0	407	0	0	0	0	0	0	407	120.13	0.15	-2.46	3.70	-0.92	5.55	-3.07	0.93	25.36	25.73
6/18/2025 12:28:03 PM	0.00	0.53	0.00	0.00	0.00	0.00	0.00	0.00	0.53	63.38	-0.76	23.91	0	527	0	0	0	0	0	0	527	115.61	0.60	1.42	3.15	-0.16	6.07	-3.53	0.93	25.35	25.73
6/18/2025 12:28:06 PM	0.00	0.30	0.00	0.00	0.00	0.00	0.00	0.00	0.30	66.84	-0.76	23.88	0	297	0	0	0	0	0	0	297	121.93	-2.71	3.04	4.00	-0.48	3.63	-0.60	0.93	25.38	25.76
6/18/2025 12:28:08 PM	0.00	0.00	0.00	0.00	0.00	0.00	0.00	0.00	0.00	63.18	-0.77	23.92	0	0	0	0	0	0	0	0	0	115.25	0.19	3.41	1.69	0.18	2.69	-3.47	0.92	25.45	25.74
6/18/2025 12:28:11 PM	0.00	1.05	0.00	0.00	0.00	0.00	0.00	0.00	1.05	64.98	-0.76	23.92	0	1049	0	0	0	0	0	0	1049	118.52	-1.69	-3.02	9.35	1.36	4.15	0.12	0.93	25.44	25.79
6/18/2025 12:28:14 PM	0.00	0.90	0.00	0.00	0.00	0.00	0.00	0.05	0.90	64.23	-0.77	23.92	0	896	0	0	0	0	0	0	896	117.17	-0.73	1.82	5.74	4.14	5.53	-2.80	0.92	25.48	25.82
6/18/2025 12:28:16 PM	0.00	0.20	0.11	0.00	0.00	0.00	0.00	0.00	0.31	65.25	-0.76	23.94	0	204	48	0	0	0	0	0	252	119.02	1.27	-2.32	3.74	-1.17	3.75	1.74	0.93	25.48	25.81
6/18/2025 12:28:19 PM	0.00	0.54	0.15	0.00	0.00	0.00	0.00	0.00	0.69	63.29	-0.77	23.92	0	541	69	0	0	0	0	0	609	115.46	3.00	1.39	4.84	1.42	3.76	-0.08	0.92	25.51	25.76
6/18/2025 12:28:22 PM	0.00	1.22	0.47	0.00	0.00	0.00	0.00	0.00	1.69	65.48	-0.78	23.92	0	1219	211	0	0	0	0	0	1431	119.45	6.68	2.43	10.32	1.23	3.24	1.06	0.92	25.52	25.87
6/18/2025 12:28:24 PM	0.00	0.00	0.00	0.00	0.00	0.00	0.00	0.00	0.00	69.43	-0.78	23.94	0	0	0	0	0	0	0	0	0	126.64	-5.08	-1.01	4.61	-2.55	1.99	-1.76	0.92	25.58	25.85
6/18/2025 12:28:28 PM	0.00	1.11	0.00	0.00	0.00	0.00	0.00	0.00	1.11	65.71	-0.70	23.88	0	1106	0	0	0	0	0	0	1106	119.86	2.86	0.66	7.84	-0.25	5.21	-3.27	0.93	25.56	25.84
6/18/2025 12:28:30 PM	20.30	4.16	14.17	8.21	0.00	0.00	0.00	0.00	46.84	47.01	-0.56	24.07	10758	4161	6376	246	0	0	0	0	21541	85.77	58.24	20.22	77.77	59.37	76.58	189.74	0.95	25.59	25.87
6/18/2025 12:28:33 PM	20.49	9.13	28.09	9.92	0.00	0.00	0.00	0.00	67.63	39.92	-0.51	24.28	10860	9134	12638	298	0	0	0	0	32930	72.83	91.50	25.91	117.21	79.13	115.44	270.54	0.95	25.61	25.84
6/18/2025 12:28:36 PM	29.35	9.41	28.25	14.14	0.00	0.00	0.00	0.00	81.14	41.43	-0.48	24.20	15557	9406	12710	424	0	0	0	0	38097	75.60	107.47	34.92	138.10	103.44	137.55	321.91	0.95	25.64	25.90
6/18/2025 12:28:38 PM	30.23	6.75	25.64	15.81	0.00	0.00	0.00	0.00	78.43	41.44	-0.44	24.09	16023	6746	11537	474	0	0	0	0	34780	75.61	106.53	30.27	128.29	104.12	135.28	317.85	0.96	25.67	25.97
6/18/2025 12:28:41 PM	29.63	5.43	20.93	17.54	0.00	0.00	0.00	0.00	73.53	43.25	-0.40	23.94	15706	5432	9417	526	0	0	0	0	31081	78.91	100.84	32.43	122.63	97.33	130.68	301.01	0.96	25.66	25.90
6/18/2025 12:28:44 PM	26.34	7.69	26.83	14.51	0.00	0.00	0.00	0.00	75.37	41.99	-0.36	23.83	13959	7687	12074	435	0	0	0	0	34156	76.60	103.63	34.14	128.10	96.45	129.03	304.42	0.96	25.67	25.92
6/18/2025 12:28:47 PM	27.95	7.53	27.63	16.34	0.00	0.00	0.00	0.00	79.44	41.96	-0.33	23.69	14812	7529	12433	490	0	0	0	0	35264	76.57	111.54	36.02	133.53	106.41	137.71	319.99	0.97	25.71	25.93
6/18/2025 12:28:50 PM	30.14	7.68	26.44	17.32	0.00	0.00	0.00	0.00	81.58	43.16	-0.32	23.61	15974	7679	11898	520	0	0	0	0	36071	78.74	113.05	37.11	137.17	110.44	142.44	326.77	0.97	25.72	25.98
6/18/2025 12:28:52 PM	28.90	7.54	28.32	17.29	0.00	0.00	0.00	0.00	82.05	43.79	-0.30	23.36	15318	7539	12743	519	0	0	0	0	36118	79.89	116.06	36.85	137.30	111.17	143.04	330.62	0.97	25.73	25.98
6/18/2025 12:28:55 PM	29.67	7.30	31.08	18.29	0.00	0.00	0.00	0.00	86.35	43.65	-0.25	22.89	15725	7304	13987	549	0	0	0	0	37565	79.63	124.37	38.72	142.84	118.32	149.36	350.71	0.98	25.75	26.03
6/18/2025 12:28:58 PM	28.30	6.78	33.17	17.06	0.00	0.00	0.00	0.00	85.32	45.40	-0.21	22.77	15001	6779	14928	512	0	0	0	0	37219	82.82	124.82	36.04	137.81	119.50	144.88	347.85	0.98	25.76	26.02
6/18/2025 12:29:01 PM	28.27	4.78	27.52	17.26	0.00	0.00	0.00	0.00	77.83	46.77	-0.25	22.76	14983	4782	12385	518	0	0	0	0	32668	85.33	113.17	33.61	124.48	109.93	133.06	321.31	0.98	25.76	26.03
6/18/2025 12:29:03 PM	13.43	4.23	19.10	5.79	0.00	0.00	0.00	0.00	42.54	48.37	-0.56	22.59	7116	4228	8594	174	0	0	0	0	20112	88.24	60.77	17.31	68.09	61.32	68.13	169.38	0.95	25.76	26.03
6/18/2025 12:29:06 PM	0.00	1.17	0.00	0.00	0.00	0.00	0.00	0.00	1.17	64.16	-0.75	23.11	0	1174	0	0	0	0	0	0	1174	117.04	-1.63	-1.19	6.46	-0.76	8.41	-0.54	0.93	25.80	26.06
6/18/2025 12:29:09 PM	0.00	0.66	0.00	0.00	0.00	0.00	0.00	0.00	0.66	63.16	-0.71	23.17	0	660	0	0	0	0	0	0	660	115.21	4.51	-0.78	3.74	-3.33	6.69	-1.05	0.93	25.79	26.05
6/18/2025 12:29:11 PM	0.00	0.36	0.00	0.00	0.00	0.00	0.00	0.00	0.36	66.11	-0.70	23.32	0	361	0	0	0	0	0	0	361	120.60	0.96	-0.25	5.13	1.57	2.33	-1.00	0.93	25.82	26.11
6/18/2025 12:29:14 PM	0.00	0.07	0.00	0.00	0.00	0.00	0.00	0.12	0.07	68.68	-0.70	23.39	0	67	0	0	0	0	0	0	67	125.29	-2.38	-1.59	1.73	3.06	4.81	0.56	0.93	25.81	26.06
6/18/2025 12:29:16 PM	0.00	0.00	0.00	0.26	0.00	0.00	0.00	0.00	0.26	66.71	-0.69	23.48	0	0	0	8	0	0	0	0	8	121.69	0.13	3.02	2.17	-1.62	4.32	2.86	0.93	25.82	26.06
6/18/2025 12:31:59 PM	0.00	2.13	0.00	0.05	0.00	0.00	0.00	0.00	2.18	66.71	-0.76	23.64	0	2130	0	2	0	0	0	0	2132	121.69	11.64	0.76	7.80	-1.77	12.15	-3.83	0.93	24.56	25.71
6/18/2025 12:32:02 PM	1.15	1.15	0.00	0.00	0.00	0.00	0.00	0.00	2.30	81.57	-0.79	23.59	608	1151	0	0	0	0	0	0	1759	148.78	-4.41	-0.85	9.61	2.04	7.22	6.32	0.92	24.64	25.76
6/18/2025 12:32:05 PM	0.00	0.45	0.00	0.00	0.00	0.00	0.00	0.00	0.45	62.53	-0.76	23.58	0	446	0	0	0	0	0	0	446	114.07	1.11	4.14	2.05	-2.79	6.41	-0.36	0.93	24.69	25.76
6/18/2025 12:32:08 PM	0.00	1.69	0.00	0.00	0.00	0.00	0.00	0.00	1.69	64.72	-0.75	23.57	0	1694	0	0	0	0	0	0	1694	118.05	0.03	-1.02	11.32	2.83	5.98	-0.33	0.93	24.73	25.79
6/18/2025 12:32:10 PM	0.00	0.71	0.00	0.00	0.00	0.00	0.00	0.00	0.71	59.44	-0.76	23.56	0	709	0	0	0	0	0	0	709	108.43	-1.07	4.78	4.49	-1.22	5.69	0.66	0.93	24.75	25.76
6/18/2025 12:32:13 PM	0.00	0.00	0.00	0.00	0.00	0.00	0.00	0.16	0.00	33.47	-0.75	23.61	0	0	0	0	0	0	0	0	0	61.08	-0.38	-3.19	-4.08	2.43	1.50	2.83	0.93	24.83	25.84
6/18/2025 12:32:16 PM	1.28	0.00	0.00	0.00	0.00	0.00	0.00	0.00	1.28	46.28	-0.78	23.59	680	0	0	0	0	0	0	0	680	84.43	-2.68	-2.86	1.40	3.26	5.24	5.44	0.92	24.85	25.82
6/18/2025 12:32:19 PM	0.00	0.25	0.00	0.00	0.00	0.00	0.00	0.14	0.25	59.16	-0.76	23.61	0	248	0	0	0	0	0	0	248	107.92	-3.16	-1.59	1.98	3.63	6.05	0.63	0.93	24.86	25.89
6/18/2025 12:32:21 PM	0.01	1.00	0.00	0.00	0.00	0.00	0.00	0.00	1.01	62.74	-0.76	23.61	8	997	0	0	0	0	0	0	1005	114.44	-0.88	0.56	6.27	1.16	6.23	0.75	0.93	24.91	25.85
6/18/2025 12:32:24 PM	0.00	0.89	0.00	0.00	0.00	0.00	0.00	0.00	0.89	63.53	-0.76	23.62	0	892	0	0	0	0	0	0	892	115.88	-2.66	1.66	5.47	1.23	6.49	-0.88	0.93	24.95	25.90
6/18/2025 12:32:27 PM	0.00	0.00	0.00	0.00	0.00	0.00	0.00	0.00	0.00	24.57	-0.75	23.63	0	0	0	0	0	0	0	0	0	44.86	0.57	-0.92	0.22	0.34	0.26	-0.90	0.93	25.00	25.90
6/18/2025 12:32:30 PM	0.00	0.41	0.00	0.00	0.00	0.00	0.00	0.19	0.41	62.77	-0.76	23.59	0	408	0	0	0	0	0	0	408	114.50	-2.04	-0.84	5.07	4.37	3.68	1.05	0.93	25.01	25.89
6/18/2025 12:32:33 PM	1.83	0.00	0.00	0.00	0.00	0.00	0.00	0.00	1.83	36.36	-0.75	23.54	967	0	0	0	0	0	0	0	967	66.35	-3.66	2.50	2.67	1.58	4.24	9.44	0.93	25.04	25.97
6/18/2025 12:32:35 PM	0.00	0.56	0.00	0.00	0.00	0.00	0.00	0.00	0.56	56.39	-0.74	23.44	0	562	0	0	0	0	0	0	562	102.87	2.07	-0.53	1.85	0.75	7.67	-4.65	0.93	25.06	25.95
6/18/2025 12:32:38 PM	0.00	1.44	0.00	0.00	0.00	0.00	0.00	0.02	1.44	68.88	-0.75	23.35	0	1442	0	0	0	0	0	0	1442	125.64	-3.93	1.37	8.79	4.23	6.96	-1.93	0.93	25.09	25.93
6/18/2025 12:32:41 PM	0.00	0.26	0.00	0.00	0.00	0.00	0.00	0.00	0.26	49.32	-0.71	23.35	0	258	0	0	0	0	0	0	258	89.98	2.11	-6.13	3.12	-3.62	5.68	1.03	0.93	25.12	25.93
6/18/2025 12:32:44 PM	4.20	1.15	0.00	0.00	0.00	0.00	0.00	0.00	5.35	43.82	-0.57	23.51	2224	1151	0	0	0	0	0	0	3374	79.96	1.89	1.81	8.33	9.87	12.29	15.38	0.94	25.15	25.97
6/18/2025 12:32:47 PM	16.60	0.00	7.52	22.21	0.00	0.00	0.00	0.00	46.33	41.54	-0.52	23.89	8798	0	3384	666	0	0	0	0	12849	75.79	81.03	37.91	84.68	69.46	102.08	200.59	0.95	25.15	26.00
6/18/2025 12:32:49 PM	18.96	0.88	7.42	27.25	0.00	0.00	0.00	0.00	54.51	51.66	-0.48	23.91	10048	882	3337	817	0	0	0	0	15085	94.25	98.05	26.80	97.05	83.74	134.65	230.10	0.95	25.20	26.02
6/18/2025 12:32:52 PM	20.61	0.00	3.98	27.82	0.00	0.00	0.00	0.00	52.41	53.51	-0.41	23.63	10921	0	1789	835	0	0	0	0	13545	97.62	91.46	36.94	96.53	78.25	126.14	224.97	0.96	25.20	26.02
6/18/2025 12:32:55 PM	26.42	1.24	2.54	28.65	0.00	0.00	0.00	0.00	58.85	44.58	-0.36	23.49	14002	1237	1145	859	0	0	0	0	17243	81.33	95.07	41.16	107.95	92.47	134.81	241.00	0.96	25.23	26.03
6/18/2025 12:32:58 PM	25.21	2.75	8.77	28.23	0.00	0.00	0.00	0.00	64.96	46.38	-0.32	22.74	13363	2746	3948	847	0	0	0	0	20904	84.62	104.93	45.56	120.67	94.69	142.18	268.25	0.97	25.26	26.05
6/18/2025 12:33:00 PM	30.51	1.46	4.83	33.40	0.00	0.00	0.00	0.00	70.19	47.34	-0.29	22.75	16171	1457	2171	1002	0	0	0	0	20801	86.37	113.51	51.76	129.16	108.08	156.42	290.02	0.97	25.25	26.00
6/18/2025 12:33:03 PM	41.57	0.74	1.40	33.69	0.00	0.00	0.00	0.00	77.41	44.76	-0.22	22.61	22032	741	632	1011	0	0	0	0	24416	81.66	110.14	48.68	135.16	114.24	161.94	321.71	0.98	25.27	26.03
6/18/2025 12:33:05 PM	35.16	5.03	13.77	17.92	0.00	0.00	0.00	0.00	71.87	45.53	-0.23	22.04	18634	5027	6195	538	0	0	0	0	30395	83.06	91.19	32.45	118.44	101.33	127.38	286.17	0.98	25.31	26.05
6/18/2025 12:33:08 PM	29.23	2.70	6.98	18.39	0.00	0.00	0.00	0.00	57.30	38.61	-0.36	22.27	15494	2700	3143	552	0	0	0	0	21887	70.46	75.89	31.17	97.51	82.34	108.61	231.80	0.96	25.32	26.11
6/18/2025 12:33:11 PM	0.00	0.00	0.00	0.00	0.00	0.00	0.00	0.17	0.00	49.46	-0.72	22.88	0	0	0	0	0	0	0	0	0	90.24	-4.60	2.50	-7.78	6.62	-0.99	-3.59	0.93	25.32	26.06
6/18/2025 12:33:14 PM	1.13	0.00	0.00	0.00	0.00	0.00	0.00	0.00	1.13	66.79	-0.65	22.96	598	0	0	0	0	0	0	0	598	121.82	-0.88	-0.26	2.63	1.66	4.17	5.25	0.94	25.35	26.16
6/18/2025 12:33:17 PM	0.00	0.26	0.16	0.00	0.00	0.00	0.00	0.02	0.42	66.25	-0.64	23.06	0	264	71	0	0	0	0	0	335	120.85	2.82	-0.75	4.34	1.78	2.66	-0.01	0.94	25.36	26.08
6/18/2025 12:33:19 PM	0.00	0.29	0.00	0.00	0.00	0.00	0.00	0.24	0.29	65.26	-0.64	23.14	0	286	0	0	0	0	0	0	286	119.04	2.50	0.15	2.02	4.86	5.11	0.16	0.94	25.39	26.08
6/18/2025 12:33:22 PM	0.29	0.37	0.00	0.00	0.00	0.00	0.00	0.00	0.66	66.20	-0.63	23.19	154	372	0	0	0	0	0	0	526	120.76	-0.11	-0.13	3.93	1.74	4.44	1.07	0.94	25.38	26.13
6/18/2025 12:34:42 PM	0.00	0.81	0.00	0.00	0.00	0.00	0.00	0.00	0.81	66.11	-0.75	23.45	0	807	0	0	0	0	0	0	807	120.59	-0.17	0.37	5.20	-0.99	6.38	-0.52	0.93	24.82	25.90
6/18/2025 12:34:45 PM	0.04	0.53	0.10	0.00	0.00	0.00	0.00	0.00	0.67	64.74	-0.75	23.48	20	527	47	0	0	0	0	0	594	118.08	1.31	-2.80	5.32	-0.35	4.52	1.81	0.93	24.90	25.97
6/18/2025 12:34:48 PM	0.00	0.56	0.00	0.00	0.00	0.00	0.00	0.19	0.56	65.39	-0.75	23.47	0	560	0	0	0	0	0	0	560	119.27	2.77	-2.80	4.42	4.23	5.04	0.17	0.93	24.94	25.98
6/18/2025 12:34:51 PM	0.00	0.84	0.09	0.00	0.00	0.00	0.00	0.32	0.93	65.08	-0.75	23.46	0	840	39	0	0	0	0	0	878	118.71	3.42	-3.65	6.10	6.10	5.81	2.23	0.93	24.96	26.00
6/18/2025 12:34:53 PM	0.00	0.50	0.00	0.34	0.00	0.00	0.00	0.00	0.84	66.67	-0.75	23.48	0	495	0	10	0	0	0	0	505	121.62	3.07	2.45	5.12	-0.31	5.32	1.76	0.93	25.00	26.03
6/18/2025 12:34:56 PM	0.00	0.53	0.00	0.00	0.00	0.00	0.00	0.00	0.53	67.18	-0.74	23.48	0	529	0	0	0	0	0	0	529	122.55	0.87	1.36	3.85	0.84	4.78	0.08	0.93	25.03	26.06
6/18/2025 12:34:59 PM	0.00	0.47	0.00	0.00	0.00	0.00	0.00	0.00	0.47	64.27	-0.74	23.47	0	472	0	0	0	0	0	0	472	117.23	-0.79	0.38	5.05	0.36	3.75	-0.54	0.93	25.06	26.05
6/18/2025 12:35:02 PM	0.00	0.67	0.00	0.00	0.00	0.00	0.00	0.00	0.67	65.07	-0.75	23.47	0	667	0	0	0	0	0	0	667	118.69	3.02	2.70	5.33	1.00	3.74	-2.63	0.93	25.10	26.05
6/18/2025 12:35:05 PM	0.00	0.39	0.00	0.00	0.00	0.00	0.00	0.02	0.39	64.87	-0.75	23.46	0	389	0	0	0	0	0	0	389	118.34	2.92	-5.57	3.68	2.41	4.73	-2.51	0.93	25.10	26.03
6/18/2025 12:35:07 PM	0.31	0.00	0.00	0.00	0.00	0.00	0.00	0.00	0.31	64.98	-0.75	23.48	164	0	0	0	0	0	0	0	164	118.54	-0.59	-3.42	2.84	1.41	3.49	1.14	0.93	25.13	26.06
6/18/2025 12:35:10 PM	0.00	1.36	0.00	0.00	0.00	0.00	0.00	0.05	1.36	52.78	-0.75	23.48	0	1358	0	0	0	0	0	0	1358	96.28	-4.16	-3.56	10.86	6.14	5.01	-4.53	0.93	25.17	26.08
6/18/2025 12:35:13 PM	0.00	0.51	0.00	0.00	0.00	0.00	0.00	0.34	0.51	63.85	-0.75	23.46	0	513	0	0	0	0	0	0	513	116.47	-2.55	0.94	4.72	6.82	4.80	1.70	0.93	25.18	26.05
6/18/2025 12:35:16 PM	0.09	0.00	0.00	0.00	0.00	0.00	0.00	0.00	0.09	59.83	-0.75	23.52	49	0	0	0	0	0	0	0	49	109.13	-3.24	-3.89	2.61	-2.07	3.04	3.07	0.93	25.20	26.13
6/18/2025 12:35:18 PM	0.00	0.42	0.00	0.00	0.00	0.00	0.00	0.00	0.42	61.28	-0.75	23.51	0	420	0	0	0	0	0	0	420	111.79	-2.52	1.38	2.97	2.05	5.46	-2.49	0.93	25.24	26.10
6/18/2025 12:35:21 PM	0.82	0.06	0.00	0.00	0.00	0.00	0.00	0.00	0.88	50.09	-0.74	23.48	434	58	0	0	0	0	0	0	492	91.39	-3.07	0.30	3.68	0.41	4.28	4.64	0.93	25.25	26.13
6/18/2025 12:35:23 PM	0.00	0.00	0.00	0.00	0.00	0.00	0.00	0.00	0.00	52.09	-0.64	23.47	0	0	0	0	0	0	0	0	0	95.02	-7.07	-4.80	0.95	-3.80	7.38	-1.79	0.94	25.25	26.14
6/18/2025 12:35:26 PM	0.00	0.00	0.00	0.00	0.00	0.00	0.00	0.00	0.00	27.60	-0.59	23.47	0	0	0	0	0	0	0	0	0	50.37	-3.20	-5.46	1.86	-0.44	4.39	-0.65	0.94	25.30	26.14
6/18/2025 12:35:29 PM	6.00	1.12	0.00	1.47	0.00	0.00	0.00	0.00	8.59	38.42	-0.56	23.45	3180	1119	0	44	0	0	0	0	4343	70.11	5.17	1.43	11.12	14.75	22.54	29.19	0.95	25.31	26.18
6/18/2025 12:35:32 PM	20.84	0.02	0.00	21.80	0.00	0.00	0.00	0.00	42.65	36.57	-0.52	23.45	11043	19	0	654	0	0	0	0	11716	66.73	64.99	29.79	80.45	54.99	99.29	185.99	0.95	25.30	26.10
6/18/2025 12:35:35 PM	13.86	0.91	2.87	15.00	0.00	0.00	0.00	0.00	32.65	17.85	-0.49	23.50	7348	911	1290	450	0	0	0	0	10000	32.59	51.14	20.60	61.95	41.92	75.24	140.13	0.95	25.32	26.16
6/18/2025 12:35:37 PM	29.31	1.83	0.00	34.71	0.00	0.00	0.00	0.00	65.86	41.81	-0.46	23.45	15536	1835	0	1041	0	0	0	0	18412	76.28	104.20	48.83	129.70	85.83	158.08	279.50	0.96	25.35	26.18
6/18/2025 12:35:40 PM	29.23	3.42	0.00	31.78	0.00	0.00	0.00	0.00	64.43	38.81	-0.42	23.43	15491	3419	0	954	0	0	0	0	19863	70.81	96.16	54.07	129.09	84.60	149.82	265.20	0.96	25.39	26.21
6/18/2025 12:35:43 PM	25.72	2.01	2.36	31.62	0.00	0.00	0.00	0.00	61.72	40.58	-0.36	23.35	13634	2012	1064	948	0	0	0	0	17659	74.05	100.49	42.49	119.32	84.33	148.67	259.34	0.96	25.38	26.18
6/18/2025 12:35:46 PM	29.32	3.90	3.09	30.49	0.00	0.00	0.00	0.00	66.79	38.17	-0.32	23.24	15538	3898	1390	915	0	0	0	0	21741	69.65	100.42	44.74	129.44	87.26	153.32	274.54	0.97	25.40	26.18
6/18/2025 12:35:48 PM	33.16	4.07	4.70	30.62	0.00	0.00	0.00	0.00	72.55	37.85	-0.30	23.08	17576	4070	2114	918	0	0	0	0	24678	69.06	105.32	46.88	136.62	95.98	158.46	297.58	0.97	25.40	26.18
6/18/2025 12:35:51 PM	34.77	4.15	4.56	27.96	0.00	0.00	0.00	0.00	71.44	37.47	-0.26	22.76	18429	4145	2053	839	0	0	0	0	25466	68.37	98.46	43.21	131.58	94.27	150.48	291.28	0.97	25.42	26.21
6/18/2025 12:35:54 PM	29.22	3.20	5.79	20.74	0.00	0.00	0.00	0.00	58.95	38.46	-0.23	22.52	15486	3198	2605	622	0	0	0	0	21911	70.18	78.84	32.63	105.06	77.55	118.27	241.71	0.98	25.47	26.22
6/18/2025 12:35:57 PM	26.47	2.55	1.68	15.85	0.00	0.00	0.00	0.00	46.55	36.08	-0.38	21.99	14031	2548	755	475	0	0	0	0	17810	65.83	56.29	24.58	82.58	60.02	92.02	189.04	0.96	25.46	26.21
6/18/2025 12:35:59 PM	0.00	0.00	0.67	0.00	0.00	0.00	0.00	0.00	0.67	63.80	-0.74	22.90	0	0	303	0	0	0	0	0	303	116.38	7.58	0.81	-1.80	1.39	0.81	2.01	0.93	25.47	26.22
6/18/2025 12:36:02 PM	0.00	0.71	0.00	0.00	0.00	0.00	0.00	0.03	0.71	64.51	-0.74	23.01	0	711	0	0	0	0	0	0	711	117.68	1.71	-1.34	4.94	1.70	5.31	0.09	0.93	25.48	26.22
6/18/2025 12:36:05 PM	0.27	0.40	0.00	0.00	0.00	0.00	0.00	0.00	0.67	66.31	-0.75	23.07	141	403	0	0	0	0	0	0	544	120.96	-0.17	-0.11	5.38	1.19	3.20	1.35	0.93	25.49	26.26
6/18/2025 12:36:07 PM	0.00	0.45	0.00	0.00	0.00	0.00	0.00	0.04	0.45	66.73	-0.75	23.16	0	449	0	0	0	0	0	0	449	121.73	-0.60	-0.92	3.41	2.43	5.26	-0.89	0.93	25.52	26.24
6/18/2025 12:36:10 PM	0.00	0.53	0.00	0.00	0.00	0.00	0.00	0.00	0.53	65.91	-0.76	23.18	0	535	0	0	0	0	0	0	535	120.22	0.30	0.45	3.77	1.26	5.17	-0.99	0.93	25.53	26.26
6/18/2025 12:36:13 PM	0.00	0.43	0.00	0.00	0.00	0.00	0.00	0.06	0.43	66.00	-0.75	23.21	0	429	0	0	0	0	0	0	429	120.38	-0.77	0.46	5.03	2.38	3.22	0.07	0.93	25.53	26.27
6/18/2025 12:37:37 PM	0.44	0.57	0.00	0.00	0.00	0.00	0.00	0.04	1.01	65.69	-0.76	23.42	231	574	0	0	0	0	0	0	806	119.83	0.83	1.01	5.03	2.82	4.72	1.81	0.93	24.89	26.13
6/18/2025 12:37:40 PM	0.10	0.49	0.00	0.00	0.00	0.00	0.00	0.00	0.58	65.73	-0.76	23.42	51	486	0	0	0	0	0	0	537	119.89	-0.90	-0.42	4.42	1.46	4.61	0.50	0.93	24.95	26.13
6/18/2025 12:37:43 PM	0.00	0.43	0.08	0.00	0.00	0.00	0.00	0.00	0.51	65.14	-0.76	23.42	0	431	34	0	0	0	0	0	465	118.82	1.34	-0.36	3.81	0.97	4.50	0.42	0.93	25.00	26.16
6/18/2025 12:37:46 PM	0.00	0.63	0.00	0.00	0.00	0.00	0.00	0.00	0.63	65.38	-0.76	23.43	0	627	0	0	0	0	0	0	627	119.26	-0.21	0.83	4.82	0.86	4.84	-0.14	0.93	25.03	26.11
6/18/2025 12:37:48 PM	0.17	0.34	0.00	0.00	0.00	0.00	0.00	0.00	0.51	64.40	-0.76	23.44	90	343	0	0	0	0	0	0	433	117.47	0.88	-0.51	3.31	1.34	4.57	0.60	0.93	25.04	26.08
6/18/2025 12:37:51 PM	0.17	0.36	0.00	0.00	0.00	0.00	0.00	0.00	0.54	65.27	-0.76	23.46	91	365	0	0	0	0	0	0	456	119.06	0.19	0.91	3.16	1.04	4.82	0.91	0.93	25.10	26.22
6/18/2025 12:37:54 PM	0.00	0.50	0.00	0.00	0.00	0.00	0.00	0.01	0.50	64.76	-0.76	23.43	0	499	0	0	0	0	0	0	499	118.13	0.47	0.32	3.81	1.81	4.77	-0.77	0.93	25.09	26.18
6/18/2025 12:37:57 PM	0.00	0.64	0.00	0.00	0.00	0.00	0.00	0.02	0.64	64.92	-0.75	23.44	0	642	0	0	0	0	0	0	642	118.43	0.78	0.05	4.57	1.71	5.06	-0.21	0.93	25.10	26.21
6/18/2025 12:37:59 PM	0.13	0.65	0.00	0.00	0.00	0.00	0.00	0.00	0.78	64.40	-0.76	23.44	69	649	0	0	0	0	0	0	718	117.47	0.53	-0.08	4.19	1.33	5.87	0.72	0.93	25.15	26.16
6/18/2025 12:38:02 PM	0.00	0.31	0.57	0.00	0.00	0.00	0.00	0.05	0.88	66.67	-0.75	23.46	0	310	257	0	0	0	0	0	567	121.61	5.53	-1.42	4.05	3.45	3.98	0.84	0.93	25.18	26.22
6/18/2025 12:38:05 PM	0.00	0.27	0.39	0.00	0.00	0.00	0.00	0.00	0.66	63.93	-0.75	23.44	0	273	175	0	0	0	0	0	448	116.62	1.64	-1.59	3.39	-1.12	5.27	3.38	0.93	25.23	26.21
6/18/2025 12:38:08 PM	0.00	0.28	0.00	0.00	0.00	0.00	0.00	0.12	0.28	62.09	-0.76	23.44	0	275	0	0	0	0	0	0	275	113.26	5.36	2.97	2.84	3.73	2.84	-2.86	0.93	25.20	26.22
6/18/2025 12:38:11 PM	0.87	0.31	0.00	0.00	0.00	0.00	0.00	0.00	1.18	33.07	-0.75	23.45	460	311	0	0	0	0	0	0	771	60.35	0.83	0.11	3.79	3.00	4.98	2.91	0.93	25.24	26.22
6/18/2025 12:38:13 PM	0.00	0.38	0.00	0.00	0.00	0.00	0.00	0.00	0.38	43.52	-0.74	23.47	0	378	0	0	0	0	0	0	378	79.41	0.23	0.73	5.45	2.89	1.99	-4.43	0.93	25.28	26.19
6/18/2025 12:38:16 PM	0.00	0.13	0.00	0.00	0.00	0.00	0.00	0.05	0.13	25.97	-0.75	23.44	0	128	0	0	0	0	0	0	128	47.41	-1.58	-0.19	4.48	4.00	1.62	-3.84	0.93	25.32	26.19
6/18/2025 12:38:19 PM	0.00	0.00	0.00	0.00	0.00	0.00	0.00	0.00	0.00	35.75	-0.73	23.46	0	0	0	0	0	0	0	0	0	65.24	1.90	-1.40	-1.64	-0.84	4.20	-0.52	0.93	25.33	26.26
6/18/2025 12:38:22 PM	0.00	0.00	0.00	0.00	0.00	0.00	0.00	0.00	0.00	27.36	-0.76	23.50	0	0	0	0	0	0	0	0	0	49.93	-1.64	-1.27	-4.23	-1.23	-3.61	3.31	0.93	25.33	26.32
6/18/2025 12:38:24 PM	0.00	0.45	0.00	0.00	0.00	0.00	0.00	0.00	0.45	53.20	-0.75	23.47	0	451	0	0	0	0	0	0	451	97.06	3.53	-4.89	6.78	-3.65	3.05	-3.08	0.93	25.36	26.26
6/18/2025 12:38:27 PM	0.10	0.65	0.00	0.00	0.00	0.00	0.00	0.00	0.75	59.77	-0.62	23.43	52	654	0	0	0	0	0	0	706	109.03	-1.49	-3.21	7.36	0.89	3.53	1.11	0.94	25.38	26.30
6/18/2025 12:38:30 PM	0.00	1.20	0.00	0.00	0.00	0.00	0.00	0.00	1.20	59.47	-0.60	23.43	0	1201	0	0	0	0	0	0	1201	108.48	-0.53	-0.86	9.08	-0.48	5.33	1.16	0.94	25.39	26.32
6/18/2025 12:38:33 PM	10.12	0.00	0.57	5.81	0.00	0.00	0.00	0.00	16.51	50.94	-0.55	23.44	5362	0	258	174	0	0	0	0	5795	92.93	20.57	8.13	27.12	22.74	33.77	70.20	0.95	25.40	26.30
6/18/2025 12:38:35 PM	20.86	2.52	5.60	9.32	0.00	0.00	0.00	0.00	38.29	35.31	-0.50	22.64	11054	2517	2518	280	0	0	0	0	16369	64.44	45.46	13.93	62.31	53.12	69.46	152.34	0.95	25.40	26.37
6/18/2025 12:38:38 PM	19.58	2.06	4.28	11.28	0.00	0.00	0.00	0.00	37.20	35.24	-0.47	22.50	10380	2056	1927	338	0	0	0	0	14701	64.31	46.83	18.43	64.22	49.71	71.07	151.37	0.95	25.41	26.34
6/18/2025 12:38:41 PM	20.91	3.75	3.70	9.49	0.00	0.00	0.00	0.00	37.86	36.93	-0.45	22.38	11084	3753	1664	285	0	0	0	0	16786	67.38	42.37	17.87	66.86	49.29	70.43	146.41	0.96	25.43	26.30
6/18/2025 12:38:43 PM	21.77	1.92	2.08	12.17	0.00	0.00	0.00	0.00	37.95	35.77	-0.42	22.45	11538	1922	938	365	0	0	0	0	14763	65.27	45.62	19.86	66.06	50.68	72.95	153.72	0.96	25.46	26.37
6/18/2025 12:38:46 PM	21.57	3.39	4.24	11.29	0.00	0.00	0.00	0.00	40.48	33.13	-0.39	22.51	11433	3387	1906	339	0	0	0	0	17065	60.46	48.35	19.13	71.02	53.46	77.31	159.47	0.96	25.49	26.38
6/18/2025 12:38:49 PM	20.30	4.37	8.25	9.02	0.00	0.00	0.00	0.00	41.94	34.91	-0.36	22.43	10760	4372	3710	271	0	0	0	0	19113	63.70	49.90	17.49	72.30	54.09	75.61	164.04	0.96	25.45	26.38
6/18/2025 12:38:52 PM	21.25	1.74	3.07	12.66	0.00	0.00	0.00	0.00	38.72	37.08	-0.34	22.25	11264	1742	1382	380	0	0	0	0	14768	67.65	48.74	17.42	66.14	51.89	76.44	158.52	0.97	25.48	26.35
6/18/2025 12:38:55 PM	19.55	2.27	4.85	12.49	0.00	0.00	0.00	0.00	39.15	33.23	-0.31	22.07	10360	2268	2180	375	0	0	0	0	15184	60.63	51.08	22.05	69.47	51.80	75.73	159.91	0.97	25.50	26.40
6/18/2025 12:38:57 PM	21.18	3.47	6.13	10.28	0.00	0.00	0.00	0.00	41.07	33.81	-0.31	22.00	11225	3475	2761	308	0	0	0	0	17768	61.70	49.10	18.49	70.72	53.98	75.50	162.59	0.97	25.51	26.37
6/18/2025 12:39:00 PM	21.84	2.53	3.02	13.29	0.00	0.00	0.00	0.00	40.69	34.43	-0.30	22.10	11576	2533	1361	399	0	0	0	0	15868	62.83	51.07	20.46	71.69	54.51	80.92	163.52	0.97	25.52	26.45
6/18/2025 12:39:03 PM	20.15	3.95	6.01	10.67	0.00	0.00	0.00	0.00	40.77	35.51	-0.28	22.18	10679	3948	2704	320	0	0	0	0	17651	64.81	49.70	20.80	72.82	52.97	76.64	160.04	0.97	25.54	26.42
6/18/2025 12:39:05 PM	21.60	3.21	4.56	11.58	0.00	0.00	0.00	0.00	40.96	35.57	-0.24	22.18	11448	3213	2051	348	0	0	0	0	17059	64.90	49.59	20.00	71.78	54.09	77.86	162.54	0.98	25.50	26.40
6/18/2025 12:39:08 PM	20.12	4.38	7.92	10.15	0.00	0.00	0.00	0.00	42.56	34.47	-0.21	22.14	10662	4378	3566	304	0	0	0	0	18909	62.89	51.95	19.53	75.16	53.75	78.82	167.79	0.98	25.54	26.37
6/18/2025 12:39:11 PM	8.85	0.28	0.00	2.85	0.00	0.00	0.00	0.00	11.99	41.96	-0.54	22.31	4692	283	0	86	0	0	0	0	5061	76.56	11.51	5.23	19.53	17.53	21.42	47.96	0.95	25.55	26.48
6/18/2025 12:39:13 PM	0.00	0.07	0.00	0.00	0.00	0.00	0.00	0.00	0.07	62.98	-0.72	22.68	0	70	0	0	0	0	0	0	70	114.89	-1.94	-4.02	2.02	-0.34	5.19	-1.22	0.93	25.56	26.58
6/18/2025 12:39:16 PM	0.00	0.11	0.00	0.00	0.00	0.00	0.00	0.00	0.11	66.93	-0.77	22.75	0	110	0	0	0	0	0	0	110	122.09	1.62	0.59	4.07	-2.15	2.01	0.55	0.92	25.55	26.50
6/18/2025 12:39:19 PM	0.01	0.87	0.47	0.00	0.00	0.00	0.00	0.00	1.34	66.59	-0.77	22.81	5	868	211	0	0	0	0	0	1083	121.47	1.88	1.10	7.83	0.15	4.50	3.72	0.92	25.56	26.40
6/18/2025 12:39:22 PM	0.00	0.38	0.00	0.00	0.00	0.00	0.00	0.00	0.38	68.99	-0.75	22.85	0	384	0	0	0	0	0	0	384	125.84	-1.53	-1.07	0.98	1.43	7.92	-5.07	0.93	25.58	26.38
6/18/2025 12:40:56 PM	0.00	0.96	0.00	0.19	0.00	0.00	0.00	0.23	1.16	67.92	-0.73	23.15	0	964	0	6	0	0	0	0	969	123.88	1.62	2.13	5.06	5.28	8.07	2.52	0.93	24.85	26.21
6/18/2025 12:40:59 PM	0.00	0.00	0.00	0.00	0.00	0.00	0.00	0.00	0.00	66.72	-0.74	23.15	0	0	0	0	0	0	0	0	0	121.70	-0.42	-1.73	0.65	1.15	3.87	-1.55	0.93	24.92	26.21
6/18/2025 12:41:02 PM	0.00	0.55	0.00	0.00	0.00	0.00	0.00	0.00	0.55	66.30	-0.73	23.12	0	552	0	0	0	0	0	0	552	120.94	-0.07	-1.85	5.10	-0.21	4.69	0.06	0.93	24.94	26.22
6/18/2025 12:41:05 PM	0.00	0.72	0.00	0.00	0.00	0.00	0.00	0.18	0.72	66.18	-0.72	23.13	0	723	0	0	0	0	0	0	723	120.72	0.56	0.55	5.72	4.76	4.56	-0.24	0.93	24.95	26.22
6/18/2025 12:41:07 PM	0.00	0.11	0.00	0.00	0.00	0.00	0.00	0.01	0.11	65.87	-0.74	23.17	0	111	0	0	0	0	0	0	111	120.16	1.46	-2.26	3.00	1.02	3.08	-0.42	0.93	25.00	26.24
6/18/2025 12:41:10 PM	0.22	0.55	0.00	0.00	0.00	0.00	0.00	0.04	0.78	65.29	-0.73	23.17	117	554	0	0	0	0	0	0	671	119.09	-0.20	2.81	3.98	2.41	5.14	1.18	0.93	25.05	26.22
6/18/2025 12:41:13 PM	0.56	0.31	0.00	0.00	0.00	0.00	0.00	0.00	0.88	66.36	-0.74	23.16	299	315	0	0	0	0	0	0	614	121.04	-0.26	1.60	2.71	1.58	5.66	2.49	0.93	25.05	26.27
6/18/2025 12:41:16 PM	0.00	0.77	0.00	0.00	0.00	0.00	0.00	0.00	0.77	66.07	-0.74	23.16	0	767	0	0	0	0	0	0	767	120.52	1.55	0.18	5.28	0.87	5.19	-0.12	0.93	25.06	26.32
6/18/2025 12:41:19 PM	0.00	0.60	0.00	0.00	0.00	0.00	0.00	0.00	0.60	66.12	-0.73	23.17	0	604	0	0	0	0	0	0	604	120.61	-0.11	-0.03	3.58	0.64	6.16	0.16	0.93	25.10	26.29
6/18/2025 12:41:21 PM	0.11	0.45	0.00	0.00	0.00	0.00	0.00	0.00	0.56	64.57	-0.73	23.16	58	455	0	0	0	0	0	0	513	117.78	-0.30	0.33	5.00	1.12	3.59	0.68	0.93	25.14	26.24
6/18/2025 12:41:24 PM	0.00	0.67	0.00	0.00	0.00	0.00	0.00	0.00	0.67	65.43	-0.73	23.19	0	668	0	0	0	0	0	0	668	119.35	-0.10	-0.35	3.42	1.27	6.85	-1.47	0.93	25.15	26.38
6/18/2025 12:41:27 PM	0.00	0.79	0.00	0.00	0.00	0.00	0.00	0.00	0.79	66.05	-0.73	23.18	0	794	0	0	0	0	0	0	794	120.49	0.09	-0.34	4.92	1.37	6.05	-0.09	0.93	25.15	26.27
6/18/2025 12:41:30 PM	0.10	0.28	0.00	0.00	0.00	0.00	0.00	0.00	0.38	64.70	-0.73	23.19	56	279	0	0	0	0	0	0	335	118.03	-0.74	0.75	5.20	0.02	2.25	1.29	0.93	25.19	26.35
6/18/2025 12:41:32 PM	0.00	0.75	0.00	0.00	0.00	0.00	0.00	0.00	0.75	68.03	-0.72	23.19	0	747	0	0	0	0	0	0	747	124.10	-0.54	-0.20	4.88	1.83	6.05	-4.33	0.93	25.22	26.34
6/18/2025 12:41:35 PM	0.00	0.60	0.00	0.00	0.00	0.00	0.00	0.17	0.60	65.06	-0.72	23.19	0	604	0	0	0	0	0	0	604	118.67	-0.48	1.93	4.37	3.84	5.10	1.26	0.93	25.21	26.40
6/18/2025 12:41:38 PM	0.00	0.07	0.00	0.00	0.00	0.00	0.00	0.00	0.07	66.09	-0.73	23.19	0	71	0	0	0	0	0	0	71	120.55	-1.02	1.08	1.26	1.00	4.67	-3.32	0.93	25.27	26.29
6/18/2025 12:41:41 PM	0.01	1.08	0.00	0.00	0.00	0.00	0.00	0.09	1.09	65.31	-0.69	23.18	4	1080	0	0	0	0	0	0	1084	119.13	0.80	3.37	6.09	2.90	6.21	0.91	0.93	25.28	26.35
6/18/2025 12:41:44 PM	0.13	1.13	0.00	0.00	0.00	0.00	0.00	0.10	1.26	65.16	-0.45	23.16	70	1127	0	0	0	0	0	0	1197	118.85	-0.30	0.81	7.27	3.55	6.21	1.37	0.96	25.30	26.37
6/18/2025 12:41:46 PM	0.31	0.26	0.00	0.00	0.00	0.00	0.00	0.00	0.58	61.81	-0.61	23.16	166	262	0	0	0	0	0	0	428	112.75	-4.52	1.35	4.05	0.91	4.27	2.17	0.94	25.30	26.43
6/18/2025 12:41:49 PM	9.81	4.23	5.74	4.02	0.00	0.00	0.00	0.00	23.81	27.92	-0.52	23.25	5199	4232	2584	121	0	0	0	0	12136	50.96	27.08	7.43	45.37	24.13	47.15	90.88	0.95	25.31	26.34
6/18/2025 12:41:52 PM	11.57	5.57	4.50	7.89	0.00	0.00	0.00	0.00	29.53	22.92	-0.47	23.40	6135	5573	2023	237	0	0	0	0	13967	41.84	36.26	15.53	61.58	30.30	64.43	110.72	0.95	25.31	26.50
6/18/2025 12:41:55 PM	8.47	6.70	8.94	6.74	0.00	0.00	0.00	0.00	30.85	21.66	-0.44	23.11	4489	6699	4023	202	0	0	0	0	15413	39.55	40.98	15.55	65.04	29.87	66.13	115.81	0.96	25.31	26.48
6/18/2025 12:41:57 PM	9.45	5.57	6.82	8.10	0.00	0.00	0.00	0.00	29.94	22.20	-0.43	23.08	5009	5572	3068	243	0	0	0	0	13891	40.54	39.95	18.59	63.90	29.05	64.48	115.64	0.96	25.38	26.32
6/18/2025 12:42:00 PM	9.30	7.31	8.45	6.23	0.00	0.00	0.00	0.00	31.30	22.52	-0.40	23.08	4929	7313	3805	187	0	0	0	0	16234	41.12	39.24	15.11	66.35	29.61	66.57	114.97	0.96	25.35	26.37
6/18/2025 12:42:02 PM	10.43	6.85	6.81	9.87	0.00	0.00	0.00	0.00	33.96	20.63	-0.37	22.98	5526	6845	3064	296	0	0	0	0	15732	37.66	45.88	19.41	73.44	33.00	77.25	128.56	0.96	25.38	26.42
6/18/2025 12:42:05 PM	10.95	7.74	6.88	12.73	0.00	0.00	0.00	0.00	38.30	17.99	-0.33	22.93	5805	7737	3098	382	0	0	0	0	17021	32.84	53.83	24.03	85.44	35.62	90.84	146.37	0.97	25.44	26.38
6/18/2025 12:42:08 PM	10.81	7.42	6.46	12.64	0.00	0.00	0.00	0.00	37.33	18.05	-0.31	22.80	5727	7424	2905	379	0	0	0	0	16436	32.97	52.75	23.56	83.16	35.42	88.97	142.57	0.97	25.41	26.38
6/18/2025 12:42:11 PM	10.95	7.12	5.72	13.52	0.00	0.00	0.00	0.00	37.30	17.49	-0.30	22.80	5802	7121	2573	405	0	0	0	0	15901	31.93	53.53	24.19	83.55	35.48	90.53	143.56	0.97	25.40	26.48
6/18/2025 12:42:14 PM	10.27	8.01	7.20	12.08	0.00	0.00	0.00	0.00	37.56	17.47	-0.29	22.85	5441	8010	3239	362	0	0	0	0	17053	31.90	52.90	23.43	84.11	35.59	89.20	141.41	0.97	25.45	26.45
6/18/2025 12:42:16 PM	10.34	8.00	6.72	12.55	0.00	0.00	0.00	0.00	37.62	17.56	-0.28	22.82	5479	8002	3025	377	0	0	0	0	16882	32.06	53.24	23.48	84.74	35.31	90.69	141.85	0.97	25.45	26.45
6/18/2025 12:42:19 PM	10.28	7.85	6.89	12.45	0.00	0.00	0.00	0.00	37.47	17.28	-0.26	22.82	5451	7851	3098	373	0	0	0	0	16773	31.55	53.12	23.84	84.22	35.32	89.61	141.79	0.97	25.43	26.61
6/18/2025 12:42:22 PM	10.28	8.21	7.22	12.28	0.00	0.00	0.00	0.00	37.99	17.16	-0.22	22.83	5451	8207	3251	368	0	0	0	0	17277	31.34	53.51	24.15	85.60	35.70	90.43	142.85	0.98	25.45	26.61
6/18/2025 12:42:24 PM	10.40	7.96	7.01	12.20	0.00	0.00	0.00	0.00	37.57	17.21	-0.22	22.81	5512	7957	3156	366	0	0	0	0	16992	31.43	52.96	23.42	84.04	35.96	89.43	141.38	0.98	25.45	26.43
6/18/2025 12:42:27 PM	10.20	7.91	6.74	11.43	0.00	0.00	0.00	0.00	36.29	16.95	-0.32	22.78	5408	7906	3035	343	0	0	0	0	16692	30.96	50.08	23.29	81.86	33.66	85.49	136.17	0.97	25.45	26.58
6/18/2025 12:42:30 PM	0.20	0.00	0.00	0.00	0.00	0.00	0.00	0.48	0.20	62.09	-0.70	23.08	107	0	0	0	0	0	0	0	107	113.26	1.33	2.32	2.78	7.79	2.63	3.98	0.93	25.46	26.45
6/18/2025 12:42:32 PM	0.48	1.42	0.00	0.00	0.00	0.00	0.00	0.00	1.90	62.76	-0.72	23.14	253	1424	0	0	0	0	0	0	1677	114.49	-0.26	-0.22	7.66	2.60	8.81	2.38	0.93	25.51	26.38
6/18/2025 12:42:35 PM	0.00	0.87	0.00	0.00	0.00	0.00	0.00	0.00	0.87	61.25	-0.73	23.16	0	872	0	0	0	0	0	0	872	111.74	1.28	5.09	7.46	0.41	2.97	-1.24	0.93	25.50	26.47
6/18/2025 12:42:38 PM	0.00	0.00	0.00	0.00	0.00	0.00	0.00	0.20	0.00	65.84	-0.73	23.17	0	0	0	0	0	0	0	0	0	120.09	2.29	2.98	2.10	3.97	1.83	-0.17	0.93	25.50	26.53
6/18/2025 12:42:41 PM	0.27	0.00	0.00	0.00	0.00	0.00	0.00	0.00	0.27	64.67	-0.73	23.18	142	0	0	0	0	0	0	0	142	117.97	-0.17	-0.74	2.79	-0.31	3.05	2.06	0.93	25.53	26.48
6/18/2025 12:42:43 PM	0.35	0.43	0.00	0.00	0.00	0.00	0.00	0.04	0.77	66.21	-0.73	23.19	184	427	0	0	0	0	0	0	611	120.77	-0.38	0.36	6.18	2.65	2.54	1.44	0.93	25.52	26.56
6/18/2025 12:42:46 PM	0.00	0.34	0.00	0.00	0.00	0.00	0.00	0.00	0.34	64.97	-0.72	23.19	0	343	0	0	0	0	0	0	343	118.51	-3.12	1.14	2.67	0.68	5.70	-2.59	0.93	25.53	26.61
