Date/Time	Green Algae	Bluegreen	Diatoms	Cryptophyta	#5	#6	#7	Yellow substances	Total conc.	Transmission	Depth	Temp. Sample	Green Algae	Bluegreen	Diatoms	Cryptophyta	#5	#6	#7	Yellow substances	Total cell count	Trans. 700 nm	LED 3 [525 nm]	LED 4 [570 nm]	LED 5 [610 nm]	LED 6 [370 nm]	LED 7 [590 nm]	LED 8 [470 nm]	Pressure	Temp. LEDs	Temp. Sensor
date	µg/l	µg/l	µg/l	µg/l	µg/l	µg/l	µg/l	r.u.	µg/l	%	m	°C	cells/ml	cells/ml	cells/ml	cells/ml	cells/ml	cells/ml	cells/ml	r.u.	cells/ml	digits	digits	digits	digits	digits	digits	digits	bar	°C	°C
7/3/2025 11:59:34 AM	0.40	0.60	0.00	0.00	0.00	0.00	0.00	0.00	1.00	65.47	-0.80	24.23	214	601	0	0	0	0	0	0	815	119.43	-1.62	0.16	3.66	1.47	7.03	2.20	0.92	23.53	24.79
7/3/2025 11:59:37 AM	0.00	1.70	0.00	0.00	0.00	0.00	0.00	0.00	1.70	63.42	-0.80	24.25	0	1699	0	0	0	0	0	0	1699	115.68	-0.07	0.74	9.44	1.13	8.16	-0.97	0.92	23.61	24.84
7/3/2025 11:59:39 AM	0.00	1.44	0.00	0.00	0.00	0.00	0.00	0.00	1.44	65.53	-0.80	24.26	0	1445	0	0	0	0	0	0	1445	119.53	0.95	-0.96	7.98	0.41	8.07	-1.28	0.92	23.65	24.83
7/3/2025 11:59:42 AM	0.00	0.36	0.00	0.00	0.00	0.00	0.00	0.00	0.36	64.55	-0.80	24.26	0	363	0	0	0	0	0	0	363	117.74	0.00	-1.43	0.85	0.97	7.41	-0.35	0.92	23.69	24.86
7/3/2025 11:59:44 AM	0.00	0.62	0.00	0.00	0.00	0.00	0.00	0.01	0.62	63.04	-0.80	24.25	0	618	0	0	0	0	0	0	618	115.00	0.44	1.28	7.41	2.49	1.59	-1.72	0.92	23.74	24.89
7/3/2025 11:59:47 AM	0.00	0.82	0.00	0.33	0.00	0.00	0.00	0.00	1.15	61.10	-0.80	24.26	0	825	0	10	0	0	0	0	834	111.46	6.02	2.68	6.64	1.85	5.16	-0.61	0.92	23.81	24.95
7/3/2025 11:59:50 AM	0.00	1.03	0.00	0.00	0.00	0.00	0.00	0.00	1.03	61.85	-0.79	24.23	0	1029	0	0	0	0	0	0	1029	112.82	1.15	2.32	8.21	-0.89	4.62	-5.77	0.92	23.84	24.91
7/3/2025 11:59:53 AM	0.00	1.03	0.00	0.00	0.00	0.00	0.00	0.00	1.03	62.96	-0.80	24.21	0	1035	0	0	0	0	0	0	1035	114.85	-2.02	-0.98	5.46	3.74	7.71	-5.55	0.92	23.89	24.92
7/3/2025 11:59:55 AM	0.12	0.00	0.32	0.00	0.00	0.00	0.00	0.05	0.44	65.08	-0.80	24.16	63	0	145	0	0	0	0	0	208	118.72	1.24	4.32	3.14	2.31	0.22	2.58	0.92	23.93	24.95
7/3/2025 11:59:58 AM	1.26	0.11	0.00	0.00	0.00	0.00	0.00	0.00	1.37	65.45	-0.80	24.13	668	110	0	0	0	0	0	0	778	119.39	0.04	-1.98	7.31	3.79	0.99	4.22	0.92	23.95	25.00
7/3/2025 12:00:01 PM	0.00	0.93	0.00	0.00	0.00	0.00	0.00	0.00	0.93	63.87	-0.76	24.14	0	931	0	0	0	0	0	0	931	116.50	0.81	-1.30	8.94	-2.76	3.94	-0.94	0.93	24.01	25.00
7/3/2025 12:00:04 PM	0.00	0.59	0.00	0.46	0.00	0.00	0.00	0.00	1.05	63.89	-0.70	24.16	0	586	0	14	0	0	0	0	600	116.55	1.55	1.96	2.98	-2.15	9.99	3.37	0.93	24.04	25.05
7/3/2025 12:00:06 PM	0.00	0.00	0.00	0.00	0.00	0.00	0.00	0.15	0.00	65.32	-0.65	24.16	0	0	0	0	0	0	0	0	0	119.14	-5.69	4.58	-3.54	2.94	0.40	3.06	0.94	24.08	25.05
7/3/2025 12:00:09 PM	0.24	0.00	0.00	0.00	0.00	0.00	0.00	0.24	0.24	66.65	-0.62	24.19	127	0	0	0	0	0	0	0	127	121.58	-1.79	-4.71	3.99	4.46	-1.99	4.01	0.94	24.10	25.05
7/3/2025 12:00:12 PM	0.00	0.52	0.26	0.69	0.00	0.00	0.00	0.05	1.48	64.61	-0.56	24.21	0	525	118	21	0	0	0	0	664	117.86	4.42	-0.76	4.80	4.21	8.89	3.85	0.94	24.14	25.07
7/3/2025 12:00:14 PM	4.45	0.32	2.65	0.00	0.00	0.00	0.00	0.71	7.42	69.40	-0.54	24.25	2360	317	1191	0	0	0	0	0	3868	126.59	10.52	5.09	11.57	27.95	8.11	30.22	0.95	24.21	25.12
7/3/2025 12:00:17 PM	4.46	1.49	4.41	0.00	0.00	0.00	0.00	0.27	10.35	71.96	-0.54	24.23	2362	1486	1983	0	0	0	0	0	5831	131.26	14.64	1.70	17.29	27.14	14.27	34.42	0.95	24.21	25.10
7/3/2025 12:00:20 PM	8.61	1.36	0.71	0.11	0.00	0.00	0.00	0.33	10.79	74.84	-0.52	24.21	4564	1360	321	3	0	0	0	0	6248	136.51	8.95	2.80	14.97	28.72	15.99	34.20	0.95	24.24	25.13
7/3/2025 12:00:23 PM	9.72	0.00	0.00	1.04	0.00	0.00	0.00	0.20	10.76	73.23	-0.51	24.19	5153	0	0	31	0	0	0	0	5185	133.57	9.12	4.87	10.77	28.79	15.25	37.78	0.95	24.29	25.15
7/3/2025 12:00:25 PM	8.40	1.92	0.55	0.00	0.00	0.00	0.00	0.54	10.87	73.85	-0.50	24.19	4451	1920	249	0	0	0	0	0	6620	134.71	8.93	4.56	17.32	30.96	16.13	34.06	0.95	24.34	25.15
7/3/2025 12:00:28 PM	11.12	0.00	0.00	0.75	0.00	0.00	0.00	0.00	11.87	73.96	-0.48	24.18	5893	0	0	22	0	0	0	0	5916	134.90	8.18	7.13	12.88	26.82	13.40	41.05	0.95	24.36	25.16
7/3/2025 12:00:31 PM	8.00	1.00	1.33	0.00	0.00	0.00	0.00	0.80	10.33	72.32	-0.48	24.17	4241	999	600	0	0	0	0	0	5839	131.91	10.41	2.96	14.02	34.82	14.40	37.46	0.95	24.39	25.16
7/3/2025 12:00:34 PM	6.72	1.55	3.75	0.00	0.00	0.00	0.00	0.06	12.01	74.73	-0.45	24.13	3560	1548	1686	0	0	0	0	0	6794	136.30	14.02	1.16	17.68	28.00	16.72	37.81	0.96	24.43	25.15
7/3/2025 12:00:37 PM	9.25	1.49	0.45	0.96	0.00	0.00	0.00	0.33	12.15	71.24	-0.44	24.08	4903	1488	201	29	0	0	0	0	6621	129.94	11.30	4.60	17.88	31.72	19.45	38.53	0.96	24.45	25.18
7/3/2025 12:00:39 PM	6.46	0.00	1.74	1.88	0.00	0.00	0.00	0.38	10.09	71.21	-0.43	24.03	3424	0	784	57	0	0	0	0	4264	129.89	14.34	3.93	12.20	30.11	17.98	38.27	0.96	24.47	25.26
7/3/2025 12:00:42 PM	9.36	0.00	0.00	1.64	0.00	0.00	0.00	0.31	11.00	74.17	-0.42	24.00	4961	0	0	49	0	0	0	0	5010	135.28	10.95	2.95	8.20	30.59	20.14	40.18	0.96	24.50	25.21
7/3/2025 12:00:45 PM	4.14	1.09	5.71	0.00	0.00	0.00	0.00	0.41	10.94	75.04	-0.41	24.00	2192	1093	2570	0	0	0	0	0	5855	136.87	17.01	3.61	15.79	31.23	14.99	39.51	0.96	24.57	25.32
7/3/2025 12:00:48 PM	10.54	1.20	0.00	0.00	0.00	0.00	0.00	0.00	11.74	74.99	-0.39	23.97	5585	1198	0	0	0	0	0	0	6783	136.78	4.66	6.92	16.70	22.54	14.27	37.93	0.96	24.55	25.24
7/3/2025 12:00:50 PM	8.53	1.23	2.89	0.74	0.00	0.00	0.00	0.00	13.39	71.54	-0.37	23.90	4520	1232	1300	22	0	0	0	0	7074	130.50	14.52	1.20	17.11	29.33	21.38	43.79	0.96	24.58	25.28
7/3/2025 12:00:53 PM	2.72	0.73	5.61	0.94	0.00	0.00	0.00	0.75	10.00	70.22	-0.37	23.84	1443	727	2523	28	0	0	0	0	4722	128.09	19.16	4.14	14.25	34.31	17.53	40.35	0.96	24.59	25.28
7/3/2025 12:00:56 PM	8.01	0.00	0.00	3.27	0.00	0.00	0.00	0.00	11.27	73.84	-0.35	23.80	4244	0	0	98	0	0	0	0	4342	134.69	14.13	5.73	15.65	25.86	21.99	40.13	0.97	24.62	25.29
7/3/2025 12:00:59 PM	10.82	1.65	0.75	0.00	0.00	0.00	0.00	0.46	13.22	72.34	-0.32	23.79	5737	1654	336	0	0	0	0	0	7727	131.96	10.71	-0.39	16.89	35.81	20.01	42.19	0.97	24.65	25.34
7/3/2025 12:01:01 PM	10.84	0.55	0.00	2.19	0.00	0.00	0.00	0.06	13.58	74.77	-0.30	23.73	5745	554	0	66	0	0	0	0	6365	136.38	12.02	7.79	17.14	33.11	22.34	44.70	0.97	24.64	25.36
7/3/2025 12:01:04 PM	4.80	1.86	3.42	0.43	0.00	0.00	0.00	0.56	10.51	72.06	-0.36	23.70	2545	1861	1538	13	0	0	0	0	5957	131.45	14.62	1.82	16.16	30.89	19.90	35.49	0.97	24.68	25.36
7/3/2025 12:01:07 PM	0.00	0.06	0.31	0.00	0.00	0.00	0.00	0.00	0.38	61.78	-0.77	23.68	0	62	142	0	0	0	0	0	204	112.69	2.06	-2.78	3.62	0.86	2.95	1.41	0.92	24.70	25.34
7/3/2025 12:01:09 PM	0.00	1.35	0.00	0.00	0.00	0.00	0.00	0.00	1.35	58.47	-0.77	23.63	0	1352	0	0	0	0	0	0	1352	106.66	1.12	1.76	5.25	0.08	9.73	-0.37	0.92	24.75	25.40
7/3/2025 12:01:12 PM	0.00	0.00	0.00	0.00	0.00	0.00	0.00	0.07	0.00	58.04	-0.77	23.63	0	0	0	0	0	0	0	0	0	105.88	0.31	-0.97	2.00	2.41	3.17	-0.84	0.92	24.74	25.37
7/3/2025 12:01:15 PM	0.00	0.51	0.00	0.06	0.00	0.00	0.00	0.06	0.57	67.32	-0.77	23.73	0	508	0	2	0	0	0	0	510	122.80	1.34	1.14	3.80	2.09	5.07	0.63	0.92	24.77	25.44
7/3/2025 12:01:18 PM	0.31	0.43	0.00	0.00	0.00	0.00	0.00	0.00	0.74	66.56	-0.77	23.81	164	432	0	0	0	0	0	0	596	121.41	-0.21	-0.32	3.91	1.87	5.00	1.15	0.92	24.80	25.45
7/3/2025 12:01:21 PM	0.12	0.51	0.00	0.00	0.00	0.00	0.00	0.00	0.63	66.12	-0.77	23.88	63	508	0	0	0	0	0	0	572	120.61	0.62	-0.30	4.94	0.13	4.22	1.33	0.92	24.81	25.42
7/3/2025 12:01:23 PM	0.00	0.86	0.00	0.00	0.00	0.00	0.00	0.00	0.86	66.55	-0.77	23.93	0	861	0	0	0	0	0	0	861	121.39	0.98	0.51	4.65	0.12	6.95	-1.85	0.92	24.84	25.45
7/3/2025 12:02:34 PM	0.00	0.00	0.00	0.00	0.00	0.00	0.00	0.17	0.00	65.93	-0.78	24.08	0	0	0	0	0	0	0	0	0	120.26	-2.65	-0.99	2.19	4.87	3.48	-1.37	0.92	24.59	25.52
7/3/2025 12:02:37 PM	0.00	0.44	0.00	0.00	0.00	0.00	0.00	0.00	0.44	65.29	-0.78	24.07	0	439	0	0	0	0	0	0	439	119.10	0.01	0.30	5.04	-0.77	3.58	0.22	0.92	24.62	25.52
7/3/2025 12:02:40 PM	0.00	0.95	0.00	0.01	0.00	0.00	0.00	0.00	0.96	65.61	-0.78	24.05	0	948	0	0	0	0	0	0	949	119.68	1.73	1.77	5.10	1.19	6.43	-0.11	0.92	24.65	25.50
7/3/2025 12:02:42 PM	0.00	0.28	0.28	0.00	0.00	0.00	0.00	0.00	0.56	66.83	-0.79	24.08	0	281	125	0	0	0	0	0	406	121.90	1.78	-0.95	4.28	1.28	3.42	1.23	0.92	24.69	25.52
7/3/2025 12:02:45 PM	0.00	0.00	0.00	0.00	0.00	0.00	0.00	0.09	0.00	69.95	-0.81	24.10	0	0	0	0	0	0	0	0	0	127.60	-2.70	-2.34	2.09	3.45	3.57	-1.29	0.92	24.73	25.53
7/3/2025 12:02:47 PM	0.00	0.13	0.00	0.00	0.00	0.00	0.00	0.23	0.13	66.94	-0.85	24.08	0	129	0	0	0	0	0	0	129	122.11	-2.30	1.04	3.72	5.14	2.75	0.36	0.92	24.73	25.55
7/3/2025 12:02:50 PM	0.34	0.95	0.00	0.00	0.00	0.00	0.00	0.02	1.28	65.98	-0.87	24.09	178	947	0	0	0	0	0	0	1125	120.35	1.18	-0.90	6.47	2.62	6.05	1.41	0.91	24.77	25.58
7/3/2025 12:02:53 PM	0.00	0.06	0.00	0.00	0.00	0.00	0.00	0.00	0.06	59.65	-0.82	24.08	0	56	0	0	0	0	0	0	56	108.81	-3.64	-0.68	3.34	-0.54	3.50	-2.20	0.92	24.81	25.58
7/3/2025 12:02:56 PM	0.00	0.00	0.00	0.00	0.00	0.00	0.00	0.00	0.00	58.12	-0.78	24.07	0	0	0	0	0	0	0	0	0	106.03	-1.88	0.37	0.47	1.55	5.10	-2.88	0.92	24.82	25.61
7/3/2025 12:02:59 PM	0.00	0.31	0.00	0.00	0.00	0.00	0.00	0.00	0.31	67.17	-0.78	24.04	0	313	0	0	0	0	0	0	313	122.53	-1.05	-0.77	3.07	-0.65	5.43	-4.10	0.92	24.85	25.58
7/3/2025 12:03:01 PM	0.98	0.09	0.61	0.00	0.00	0.00	0.00	0.00	1.68	63.67	-0.77	23.99	520	90	274	0	0	0	0	0	884	116.14	2.77	-1.21	3.44	4.51	5.31	5.64	0.92	24.87	25.60
7/3/2025 12:03:04 PM	0.00	1.35	0.20	0.00	0.00	0.00	0.00	0.00	1.55	65.93	-0.67	24.01	0	1353	90	0	0	0	0	0	1443	120.27	2.59	0.96	7.31	2.27	7.45	0.84	0.93	24.92	25.63
7/3/2025 12:03:07 PM	0.28	0.77	0.00	0.00	0.00	0.00	0.00	0.00	1.05	66.30	-0.63	24.01	148	766	0	0	0	0	0	0	915	120.94	0.49	-3.73	4.97	1.27	6.99	1.62	0.94	24.91	25.66
7/3/2025 12:03:10 PM	0.00	0.24	0.00	0.00	0.00	0.00	0.00	0.00	0.24	66.90	-0.59	24.01	0	244	0	0	0	0	0	0	244	122.03	3.51	-3.41	7.65	-0.98	-0.27	-4.80	0.94	24.93	25.66
7/3/2025 12:03:12 PM	0.00	1.46	0.00	0.00	0.00	0.00	0.00	0.55	1.46	66.42	-0.57	23.47	0	1459	0	0	0	0	0	0	1459	121.16	0.30	3.95	6.42	10.45	9.26	2.72	0.94	24.96	25.69
7/3/2025 12:03:15 PM	0.00	0.00	0.00	0.35	0.00	0.00	0.00	0.82	0.35	68.54	-0.54	22.42	0	0	0	10	0	0	0	0	10	125.03	3.64	3.73	0.90	12.76	4.99	7.20	0.95	25.00	25.73
7/3/2025 12:03:18 PM	0.00	0.15	0.00	0.64	0.00	0.00	0.00	0.58	0.80	69.69	-0.51	22.22	0	155	0	19	0	0	0	0	174	127.11	2.39	5.00	2.93	10.76	7.20	6.12	0.95	25.01	25.73
7/3/2025 12:03:21 PM	1.37	0.78	0.00	0.00	0.00	0.00	0.00	0.33	2.15	65.72	-0.51	22.29	727	780	0	0	0	0	0	0	1507	119.87	0.22	-1.72	5.56	9.44	8.44	7.03	0.95	25.00	25.71
7/3/2025 12:03:24 PM	0.32	0.84	0.00	0.00	0.00	0.00	0.00	0.00	1.15	64.11	-0.77	22.46	168	838	0	0	0	0	0	0	1006	116.94	-0.99	1.10	5.94	1.28	5.95	2.03	0.92	25.03	25.71
7/3/2025 12:03:26 PM	0.00	0.28	0.00	0.00	0.00	0.00	0.00	0.00	0.28	67.56	-0.77	22.75	0	283	0	0	0	0	0	0	283	123.24	-1.18	-2.04	3.55	1.40	4.28	-1.79	0.92	25.05	25.71
7/3/2025 12:03:29 PM	0.04	0.49	0.00	0.00	0.00	0.00	0.00	0.00	0.53	66.59	-0.77	22.97	19	493	0	0	0	0	0	0	512	121.47	-4.13	0.55	5.88	1.16	3.47	0.79	0.92	25.08	25.77
7/3/2025 12:03:32 PM	0.00	0.69	0.00	0.00	0.00	0.00	0.00	0.00	0.69	64.83	-0.77	23.11	0	690	0	0	0	0	0	0	690	118.26	1.31	1.44	4.41	0.57	5.50	-1.36	0.92	25.12	25.76
7/3/2025 12:03:35 PM	0.00	0.67	0.00	0.00	0.00	0.00	0.00	0.00	0.67	63.53	-0.78	23.26	0	668	0	0	0	0	0	0	668	115.89	1.42	0.94	5.10	-0.78	4.88	0.11	0.92	25.10	25.73
7/3/2025 12:03:37 PM	0.13	0.00	0.00	0.00	0.00	0.00	0.00	0.39	0.13	61.89	-0.77	23.40	69	0	0	0	0	0	0	0	69	112.89	-2.43	-5.86	2.26	6.60	2.47	4.03	0.92	25.09	25.77
7/3/2025 12:05:05 PM	0.00	0.00	0.00	0.00	0.00	0.00	0.00	0.00	0.00	41.71	-0.76	23.67	0	0	0	0	0	0	0	0	0	76.10	-0.75	-4.19	2.59	1.23	2.48	-2.89	0.93	24.43	25.68
7/3/2025 12:05:08 PM	1.07	0.07	0.00	0.00	0.00	0.00	0.00	0.00	1.14	54.30	-0.77	23.72	569	66	0	0	0	0	0	0	635	99.05	-6.13	-1.75	1.00	-0.54	8.96	6.94	0.92	24.50	25.71
7/3/2025 12:05:11 PM	0.00	0.00	0.83	0.00	0.00	0.00	0.00	0.04	0.83	45.68	-0.76	23.71	0	0	371	0	0	0	0	0	371	83.34	2.97	-2.09	-1.41	2.33	1.24	5.65	0.93	24.54	25.73
7/3/2025 12:05:14 PM	0.00	1.24	0.00	0.00	0.00	0.00	0.00	0.04	1.24	61.02	-0.78	23.72	0	1242	0	0	0	0	0	0	1242	111.31	-3.32	3.62	7.11	3.41	6.86	-0.19	0.92	24.59	25.74
7/3/2025 12:05:16 PM	0.00	0.74	0.76	0.00	0.00	0.00	0.00	0.00	1.50	63.19	-0.77	23.63	0	741	342	0	0	0	0	0	1082	115.26	3.08	2.53	7.12	1.83	4.32	3.80	0.92	24.59	25.71
7/3/2025 12:05:19 PM	0.00	0.33	0.00	0.00	0.00	0.00	0.00	0.08	0.33	66.46	-0.77	23.61	0	334	0	0	0	0	0	0	334	121.22	-1.14	0.09	2.79	2.43	5.08	0.30	0.92	24.64	25.76
7/3/2025 12:05:22 PM	0.00	0.60	0.21	0.00	0.00	0.00	0.00	0.04	0.80	64.58	-0.77	23.63	0	599	93	0	0	0	0	0	691	117.80	2.13	-1.59	5.36	2.25	4.52	1.04	0.92	24.70	25.81
7/3/2025 12:05:25 PM	0.00	0.00	0.49	0.00	0.00	0.00	0.00	0.00	0.49	58.27	-0.76	23.63	0	0	221	0	0	0	0	0	221	106.30	2.26	1.30	2.12	1.02	3.12	2.25	0.93	24.70	25.77
7/3/2025 12:05:27 PM	0.00	0.57	0.00	0.00	0.00	0.00	0.00	0.00	0.57	61.16	-0.76	23.63	0	571	0	0	0	0	0	0	571	111.56	3.63	-1.17	4.68	-3.16	5.05	1.04	0.93	24.71	25.77
7/3/2025 12:05:30 PM	0.00	1.71	0.00	0.00	0.00	0.00	0.00	0.00	1.71	59.55	-0.77	23.61	0	1714	0	0	0	0	0	0	1714	108.62	-4.09	-0.46	9.61	1.36	8.96	0.71	0.92	24.74	25.79
7/3/2025 12:05:33 PM	0.00	0.00	0.00	0.91	0.00	0.00	0.00	0.00	0.91	63.89	-0.77	23.62	0	0	0	27	0	0	0	0	27	116.55	4.65	3.35	3.28	0.99	6.00	3.87	0.92	24.82	25.84
7/3/2025 12:05:36 PM	0.00	0.00	0.00	0.00	0.00	0.00	0.00	0.00	0.00	53.84	-0.72	23.63	0	0	0	0	0	0	0	0	0	98.21	-5.40	-1.08	4.55	1.40	-0.69	-1.08	0.93	24.79	25.92
7/3/2025 12:05:39 PM	0.00	0.66	0.00	0.00	0.00	0.00	0.00	0.00	0.66	47.46	-0.66	23.63	0	660	0	0	0	0	0	0	660	86.59	1.50	3.33	3.90	1.46	5.42	-4.46	0.94	24.83	25.82
7/3/2025 12:05:41 PM	0.00	0.00	0.00	0.00	0.00	0.00	0.00	0.00	0.00	47.14	-0.62	23.65	0	0	0	0	0	0	0	0	0	86.01	-9.64	-2.76	1.25	-0.86	5.26	-5.52	0.94	24.83	25.84
7/3/2025 12:05:44 PM	0.00	0.15	0.00	0.00	0.00	0.00	0.00	0.00	0.15	46.14	-0.59	23.68	0	151	0	0	0	0	0	0	151	84.18	-4.86	0.60	0.21	-1.75	7.68	0.31	0.94	24.89	25.85
7/3/2025 12:05:47 PM	0.00	0.00	0.00	0.00	0.00	0.00	0.00	0.00	0.00	41.51	-0.67	23.72	0	0	0	0	0	0	0	0	0	75.73	-5.66	1.19	-3.08	-4.96	9.04	0.65	0.93	24.94	25.90
7/3/2025 12:05:50 PM	1.25	14.75	14.70	9.69	0.00	0.00	0.00	0.00	40.39	42.12	-0.55	24.31	661	14751	6616	291	0	0	0	0	22319	76.86	60.03	14.86	100.95	22.78	109.44	141.24	0.95	24.93	25.87
7/3/2025 12:05:52 PM	8.33	12.22	8.26	14.84	0.00	0.00	0.00	0.00	43.64	29.27	-0.53	25.01	4416	12216	3715	445	0	0	0	0	20792	53.42	62.20	21.57	105.79	29.06	117.09	161.29	0.95	24.93	25.85
7/3/2025 12:05:55 PM	6.02	11.06	8.68	20.46	0.00	0.00	0.00	0.00	46.23	28.93	-0.51	24.97	3193	11062	3908	614	0	0	0	0	18777	52.81	76.40	28.54	114.47	32.26	131.81	180.37	0.95	24.97	25.87
7/3/2025 12:05:58 PM	5.54	12.80	12.39	21.40	0.00	0.00	0.00	0.00	52.13	37.53	-0.48	24.85	2939	12798	5577	642	0	0	0	0	21956	68.48	86.31	35.06	128.64	37.54	142.53	202.28	0.95	24.99	25.89
7/3/2025 12:06:01 PM	10.00	10.75	5.76	26.27	0.00	0.00	0.00	0.00	52.79	38.83	-0.46	24.70	5299	10754	2594	788	0	0	0	0	19435	70.85	87.48	35.73	129.25	40.85	151.79	209.20	0.95	25.00	25.90
7/3/2025 12:06:04 PM	0.55	18.27	20.93	29.60	0.00	0.00	0.00	0.00	69.35	53.62	-0.43	24.57	293	18265	9418	888	0	0	0	0	28864	97.81	125.56	51.88	175.66	53.27	194.68	265.83	0.96	25.01	25.89
7/3/2025 12:06:06 PM	5.81	14.72	13.13	30.02	0.00	0.00	0.00	0.00	63.67	52.76	-0.41	24.39	3080	14716	5909	900	0	0	0	0	24605	96.26	111.41	51.87	160.97	49.39	178.70	249.04	0.96	25.04	26.02
7/3/2025 12:06:09 PM	2.53	12.71	15.40	28.99	0.00	0.00	0.00	0.00	59.63	51.04	-0.39	24.21	1342	12711	6930	870	0	0	0	0	21852	93.11	112.59	48.11	147.62	53.38	168.97	235.68	0.96	25.04	25.93
7/3/2025 12:06:12 PM	8.89	10.92	5.46	33.68	0.00	0.00	0.00	0.00	58.94	50.14	-0.37	24.09	4710	10920	2457	1010	0	0	0	0	19097	91.47	105.70	48.35	149.10	46.06	176.11	239.57	0.96	25.05	26.05
7/3/2025 12:06:14 PM	4.81	15.25	12.90	30.67	0.00	0.00	0.00	0.00	63.62	51.30	-0.37	24.03	2547	15250	5804	920	0	0	0	0	24521	93.58	113.72	51.31	161.74	52.52	182.84	244.61	0.96	25.06	26.02
7/3/2025 12:06:18 PM	6.92	15.45	9.52	36.49	0.00	0.00	0.00	0.00	68.38	49.12	-0.34	23.92	3667	15455	4283	1095	0	0	0	0	24499	89.62	122.08	60.24	178.09	51.95	201.53	268.52	0.97	25.11	26.03
7/3/2025 12:06:20 PM	3.64	16.76	14.00	34.62	0.00	0.00	0.00	0.00	69.02	50.48	-0.32	23.78	1931	16755	6301	1039	0	0	0	0	26026	92.09	126.47	60.75	178.92	57.21	200.57	265.14	0.97	25.09	26.03
7/3/2025 12:06:23 PM	7.25	15.79	13.67	33.68	0.00	0.00	0.00	0.00	70.38	51.07	-0.29	23.63	3843	15786	6150	1010	0	0	0	0	26789	93.18	124.45	56.32	175.02	61.57	198.03	271.94	0.97	25.15	26.00
7/3/2025 12:06:26 PM	4.71	17.02	16.58	31.25	0.00	0.00	0.00	0.00	69.56	49.79	-0.27	23.58	2495	17023	7461	937	0	0	0	0	27916	90.83	121.56	55.74	176.36	52.24	193.44	270.19	0.97	25.11	26.02
7/3/2025 12:06:28 PM	5.41	9.28	5.64	20.65	0.00	0.00	0.00	0.00	40.99	38.48	-0.43	23.51	2869	9281	2539	620	0	0	0	0	15308	70.21	70.02	31.03	105.11	28.53	120.64	162.03	0.96	25.16	25.98
7/3/2025 12:06:31 PM	0.00	0.00	0.00	0.00	0.00	0.00	0.00	0.40	0.00	57.72	-0.76	23.55	0	0	0	0	0	0	0	0	0	105.30	0.37	2.08	-5.95	6.19	4.69	3.24	0.93	25.18	26.03
7/3/2025 12:06:34 PM	0.00	0.00	0.00	0.00	0.00	0.00	0.00	0.00	0.00	66.39	-0.77	23.61	0	0	0	0	0	0	0	0	0	121.10	-2.10	1.70	2.25	-0.68	3.31	-3.22	0.92	25.15	26.11
7/3/2025 12:06:37 PM	0.00	0.06	0.00	0.00	0.00	0.00	0.00	0.11	0.06	29.68	-0.76	23.64	0	59	0	0	0	0	0	0	59	54.17	0.96	-0.30	3.43	3.59	1.99	-1.92	0.93	25.19	26.03
7/3/2025 12:06:39 PM	0.00	0.29	0.00	0.00	0.00	0.00	0.00	0.00	0.29	55.35	-0.77	23.70	0	289	0	0	0	0	0	0	289	100.97	2.18	0.42	4.30	-0.70	2.96	-2.74	0.92	25.19	26.11
7/3/2025 12:06:42 PM	0.00	0.66	0.00	0.00	0.00	0.00	0.00	0.08	0.66	65.70	-0.77	23.75	0	655	0	0	0	0	0	0	655	119.85	0.26	1.79	4.03	3.74	5.48	-1.87	0.92	25.24	26.11
7/3/2025 12:06:45 PM	0.00	0.07	0.00	0.00	0.00	0.00	0.00	0.18	0.07	65.10	-0.76	23.74	0	70	0	0	0	0	0	0	70	118.75	0.87	3.71	2.83	4.28	2.11	-0.81	0.93	25.24	26.05
7/3/2025 12:07:52 PM	0.00	1.19	0.00	0.00	0.00	0.00	0.00	0.03	1.19	57.76	-0.77	23.46	0	1190	0	0	0	0	0	0	1190	105.36	-0.98	-2.32	7.71	4.28	6.40	-3.18	0.92	24.82	26.02
7/3/2025 12:07:55 PM	0.00	0.00	0.00	0.00	0.00	0.00	0.00	0.00	0.00	38.65	-0.77	23.49	0	0	0	0	0	0	0	0	0	70.52	-4.58	0.14	1.97	1.31	3.39	-3.57	0.92	24.87	26.21
7/3/2025 12:07:58 PM	0.00	0.00	0.00	0.00	0.00	0.00	0.00	0.00	0.00	40.96	-0.77	23.61	0	0	0	0	0	0	0	0	0	74.73	-0.85	0.81	-1.66	-1.95	3.51	0.90	0.92	24.89	26.03
7/3/2025 12:08:01 PM	0.00	0.29	0.00	0.00	0.00	0.00	0.00	0.00	0.29	38.52	-0.77	23.65	0	287	0	0	0	0	0	0	287	70.28	-3.48	-0.99	2.15	1.31	6.36	-5.29	0.92	24.90	26.10
7/3/2025 12:08:03 PM	0.00	0.00	0.00	0.00	0.00	0.00	0.00	0.00	0.00	37.13	-0.78	23.76	0	0	0	0	0	0	0	0	0	67.76	-1.87	-2.31	2.67	-3.04	1.22	-3.92	0.92	24.96	26.02
7/3/2025 12:08:06 PM	0.00	0.14	0.00	0.00	0.00	0.00	0.00	0.00	0.14	35.52	-0.78	23.81	0	141	0	0	0	0	0	0	141	64.81	-2.01	-0.18	3.19	-2.75	4.35	-1.00	0.92	25.01	26.08
7/3/2025 12:08:09 PM	0.00	0.00	0.00	0.00	0.00	0.00	0.00	0.00	0.00	36.15	-0.77	23.81	0	0	0	0	0	0	0	0	0	65.96	-4.41	-4.44	1.83	-1.29	0.68	-1.39	0.92	24.99	26.16
7/3/2025 12:08:11 PM	0.00	0.00	0.00	0.00	0.00	0.00	0.00	0.00	0.00	35.01	-0.77	23.87	0	0	0	0	0	0	0	0	0	63.88	-3.98	-2.21	0.84	-0.95	3.39	0.41	0.92	25.05	26.11
7/3/2025 12:08:14 PM	0.00	0.00	0.00	0.00	0.00	0.00	0.00	0.00	0.00	30.48	-0.78	23.89	0	0	0	0	0	0	0	0	0	55.63	-3.29	0.55	3.23	-5.26	2.96	-3.92	0.92	25.05	26.13
7/3/2025 12:08:17 PM	0.16	0.21	0.00	0.00	0.00	0.00	0.00	0.01	0.37	42.02	-0.77	23.90	86	208	0	0	0	0	0	0	294	76.67	-0.55	-2.84	0.81	1.48	6.92	0.66	0.92	25.08	26.19
7/3/2025 12:08:19 PM	0.00	0.12	0.00	0.00	0.00	0.00	0.00	0.28	0.12	52.40	-0.77	23.90	0	115	0	0	0	0	0	0	115	95.59	-0.31	1.72	5.44	5.11	0.45	1.61	0.92	25.08	26.19
7/3/2025 12:08:23 PM	1.01	0.15	0.00	0.33	0.00	0.00	0.00	0.00	1.48	58.79	-0.77	23.87	533	151	0	10	0	0	0	0	694	107.24	-1.06	0.53	0.12	3.50	10.59	5.26	0.92	25.11	26.22
7/3/2025 12:08:25 PM	0.00	0.92	0.00	0.00	0.00	0.00	0.00	0.00	0.92	71.05	-0.77	23.86	0	922	0	0	0	0	0	0	922	129.60	-7.00	-4.75	3.64	-0.99	11.25	0.31	0.92	25.14	26.21
7/3/2025 12:08:28 PM	0.00	0.21	0.00	0.06	0.00	0.00	0.00	0.00	0.27	76.92	-0.72	23.86	0	208	0	2	0	0	0	0	210	140.30	4.42	-5.57	1.35	-0.92	6.56	-0.47	0.93	25.13	26.24
7/3/2025 12:08:31 PM	1.02	0.70	0.00	0.00	0.00	0.00	0.00	0.08	1.72	73.59	-0.68	23.88	539	702	0	0	0	0	0	0	1242	134.24	0.86	0.89	6.30	4.92	5.45	4.04	0.93	25.15	26.19
7/3/2025 12:08:33 PM	0.00	1.30	0.00	0.00	0.00	0.00	0.00	0.00	1.30	77.18	-0.65	23.90	0	1300	0	0	0	0	0	0	1300	140.78	-5.36	-3.61	7.82	2.62	8.40	-1.49	0.94	25.18	26.24
7/3/2025 12:08:36 PM	0.00	0.36	0.00	0.07	0.00	0.00	0.00	0.00	0.43	78.20	-0.62	23.89	0	358	0	2	0	0	0	0	360	142.64	0.17	9.06	-0.44	1.96	7.18	-2.68	0.94	25.20	26.22
7/3/2025 12:08:39 PM	0.00	0.09	0.00	0.00	0.00	0.00	0.00	0.00	0.09	77.06	-0.60	23.90	0	95	0	0	0	0	0	0	95	140.55	-7.77	-0.73	2.33	1.31	5.33	-2.89	0.94	25.20	26.24
7/3/2025 12:08:42 PM	0.00	2.16	0.00	0.00	0.00	0.00	0.00	0.00	2.16	63.17	-0.58	23.91	0	2161	0	0	0	0	0	0	2161	115.22	-0.79	-0.49	14.07	-3.60	8.23	0.33	0.94	25.21	26.27
7/3/2025 12:08:44 PM	14.19	1.65	1.12	2.74	0.00	0.00	0.00	0.00	19.70	60.49	-0.54	23.78	7519	1652	505	82	0	0	0	0	9758	110.34	19.48	10.27	28.61	42.86	29.47	63.65	0.95	25.26	26.29
7/3/2025 12:08:47 PM	17.54	2.15	1.39	2.63	0.00	0.00	0.00	0.00	23.70	60.61	-0.53	23.59	9295	2153	623	79	0	0	0	0	12150	110.57	21.32	10.89	33.82	49.06	33.63	77.15	0.95	25.27	26.29
7/3/2025 12:08:50 PM	17.63	1.97	0.00	3.53	0.00	0.00	0.00	0.00	23.13	64.39	-0.51	23.54	9345	1970	0	106	0	0	0	0	11421	117.46	20.01	9.66	32.87	46.54	37.03	76.37	0.95	25.26	26.27
7/3/2025 12:08:53 PM	18.66	2.57	0.17	3.04	0.00	0.00	0.00	0.00	24.44	62.12	-0.50	23.54	9887	2575	77	91	0	0	0	0	12630	113.31	20.66	9.31	35.69	48.68	37.38	78.59	0.95	25.29	26.29
7/3/2025 12:08:55 PM	19.20	2.83	0.00	3.64	0.00	0.00	0.00	0.00	25.67	61.15	-0.50	23.56	10177	2828	0	109	0	0	0	0	13115	111.55	22.53	12.37	37.04	55.23	40.83	79.41	0.95	25.32	26.35
7/3/2025 12:08:58 PM	18.25	2.13	0.00	4.15	0.00	0.00	0.00	0.00	24.53	62.04	-0.49	23.59	9673	2129	0	124	0	0	0	0	11926	113.17	21.27	8.58	33.58	49.13	42.89	81.28	0.95	25.31	26.35
7/3/2025 12:09:01 PM	18.29	1.74	0.28	4.02	0.00	0.00	0.00	0.00	24.32	64.98	-0.49	23.65	9695	1737	124	121	0	0	0	0	11677	118.53	23.74	9.49	33.77	52.68	38.33	79.34	0.95	25.35	26.34
7/3/2025 12:09:04 PM	16.55	3.24	5.91	0.00	0.00	0.00	0.00	0.00	25.70	61.92	-0.47	23.67	8769	3236	2661	0	0	0	0	0	14667	112.95	24.05	5.85	34.17	53.44	32.90	81.52	0.95	25.38	26.40
7/3/2025 12:09:07 PM	16.11	2.06	4.15	2.27	0.00	0.00	0.00	0.00	24.59	62.46	-0.48	23.66	8541	2059	1866	68	0	0	0	0	12533	113.94	25.17	3.38	32.12	48.54	37.85	84.27	0.95	25.36	26.37
7/3/2025 12:09:09 PM	13.06	4.57	6.80	0.54	0.00	0.00	0.00	0.00	24.97	62.73	-0.46	23.60	6921	4568	3061	16	0	0	0	0	14566	114.43	25.37	8.24	38.97	45.42	37.46	79.15	0.96	25.35	26.38
7/3/2025 12:09:12 PM	18.83	0.68	0.67	3.53	0.00	0.00	0.00	0.00	23.71	61.27	-0.45	23.55	9979	682	300	106	0	0	0	0	11067	111.76	22.42	9.12	30.20	51.83	33.37	81.25	0.96	25.37	26.38
7/3/2025 12:09:15 PM	16.47	1.46	1.20	4.05	0.00	0.00	0.00	0.00	23.17	61.74	-0.44	23.53	8727	1461	538	121	0	0	0	0	10847	112.62	24.11	7.71	32.21	47.96	37.84	78.82	0.96	25.38	26.38
7/3/2025 12:09:18 PM	17.71	1.43	0.37	4.47	0.00	0.00	0.00	0.00	23.98	63.76	-0.42	23.46	9385	1429	167	134	0	0	0	0	11115	116.31	23.38	11.31	35.16	47.10	37.57	83.14	0.96	25.40	26.38
7/3/2025 12:09:21 PM	20.14	1.81	0.00	2.70	0.00	0.00	0.00	0.00	24.66	63.27	-0.39	23.42	10677	1814	0	81	0	0	0	0	12571	115.42	19.49	9.84	32.45	52.70	34.77	79.72	0.96	25.41	26.40
7/3/2025 12:09:23 PM	15.57	2.98	5.07	0.92	0.00	0.00	0.00	0.00	24.54	61.10	-0.38	23.35	8250	2980	2282	28	0	0	0	0	13540	111.46	23.06	8.81	34.97	47.07	32.99	81.20	0.96	25.41	26.42
7/3/2025 12:09:26 PM	18.64	1.49	0.00	3.49	0.00	0.00	0.00	0.00	23.62	64.69	-0.37	23.30	9879	1487	0	105	0	0	0	0	11471	118.00	20.66	7.84	30.60	50.73	37.15	77.78	0.96	25.41	26.38
7/3/2025 12:09:29 PM	20.96	1.91	0.00	2.14	0.00	0.00	0.00	0.00	25.02	64.22	-0.35	23.28	11111	1913	0	64	0	0	0	0	13088	117.14	18.31	10.26	33.58	51.49	32.46	81.55	0.97	25.42	26.38
7/3/2025 12:09:32 PM	17.25	2.25	2.86	2.64	0.00	0.00	0.00	0.00	25.00	64.15	-0.34	23.29	9145	2246	1289	79	0	0	0	0	12759	117.02	24.86	10.10	34.51	53.52	36.02	81.27	0.97	25.45	26.42
7/3/2025 12:09:34 PM	16.92	3.46	4.04	1.31	0.00	0.00	0.00	0.00	25.72	65.43	-0.32	23.27	8966	3456	1819	39	0	0	0	0	14280	119.35	22.65	7.17	37.56	46.60	37.24	84.81	0.97	25.43	26.42
7/3/2025 12:09:37 PM	19.38	3.11	0.32	2.36	0.00	0.00	0.00	0.00	25.18	61.25	-0.32	23.23	10274	3113	144	71	0	0	0	0	13601	111.74	19.54	10.90	37.61	49.23	36.35	79.37	0.97	25.45	26.48
7/3/2025 12:09:40 PM	16.45	4.09	3.53	1.19	0.00	0.00	0.00	0.00	25.26	59.78	-0.29	23.11	8719	4092	1587	36	0	0	0	0	14433	109.06	22.63	8.44	37.73	50.06	37.59	77.05	0.97	25.45	26.48
7/3/2025 12:09:42 PM	15.12	2.94	4.19	2.72	0.00	0.00	0.00	0.00	24.98	60.27	-0.30	22.95	8014	2941	1887	82	0	0	0	0	12924	109.94	26.46	9.96	37.27	48.95	38.66	82.60	0.97	25.48	26.45
7/3/2025 12:09:46 PM	4.65	1.93	0.00	0.00	0.00	0.00	0.00	0.00	6.58	57.67	-0.65	23.16	2464	1930	0	0	0	0	0	0	4395	105.21	2.26	4.81	15.88	11.47	10.28	17.19	0.94	25.46	26.51
7/3/2025 12:09:48 PM	0.00	0.47	0.00	0.00	0.00	0.00	0.00	0.08	0.47	67.30	-0.76	23.23	0	472	0	0	0	0	0	0	472	122.75	-3.67	6.43	5.11	3.63	2.79	-0.81	0.93	25.46	26.47
7/3/2025 12:09:51 PM	0.00	0.55	0.00	0.00	0.00	0.00	0.00	0.00	0.55	62.72	-0.76	23.17	0	548	0	0	0	0	0	0	548	114.41	-2.91	2.07	3.18	0.41	6.44	-0.64	0.93	25.46	26.47
7/3/2025 12:09:54 PM	0.00	0.81	0.00	0.00	0.00	0.00	0.00	0.00	0.81	68.12	-0.77	23.27	0	808	0	0	0	0	0	0	808	124.25	-1.13	-0.77	3.28	-0.46	8.85	-2.18	0.92	25.47	26.47
7/3/2025 12:09:56 PM	0.00	0.39	0.00	0.00	0.00	0.00	0.00	0.00	0.39	66.48	-0.77	23.32	0	386	0	0	0	0	0	0	386	121.27	2.88	-0.41	2.84	-0.05	5.07	-2.18	0.92	25.52	26.56
7/3/2025 12:09:59 PM	1.08	0.01	0.00	0.00	0.00	0.00	0.00	0.00	1.10	67.19	-0.77	23.39	575	11	0	0	0	0	0	0	586	122.57	-2.29	1.77	1.86	3.60	5.41	3.69	0.92	25.50	26.48
7/3/2025 12:10:02 PM	0.00	1.03	0.00	0.00	0.00	0.00	0.00	0.00	1.03	64.03	-0.77	23.42	0	1025	0	0	0	0	0	0	1025	116.81	-3.56	-0.54	9.03	0.38	4.44	0.37	0.92	25.49	26.51
7/3/2025 12:10:05 PM	0.00	0.00	0.00	0.00	0.00	0.00	0.00	0.11	0.00	64.86	-0.77	23.46	0	0	0	0	0	0	0	0	0	118.32	-0.84	4.54	1.00	3.58	0.40	-1.38	0.92	25.50	26.53
7/3/2025 12:10:07 PM	0.00	1.16	0.00	0.00	0.00	0.00	0.00	0.16	1.16	64.69	-0.76	23.46	0	1157	0	0	0	0	0	0	1157	118.00	2.73	1.46	7.37	4.94	5.44	-0.94	0.93	25.52	26.53
7/3/2025 12:11:20 PM	1.25	0.00	0.00	0.00	0.00	0.00	0.00	0.00	1.25	65.97	-0.77	23.67	664	0	0	0	0	0	0	0	664	120.33	-4.37	0.48	0.37	3.26	5.74	5.55	0.92	24.86	26.35
7/3/2025 12:11:23 PM	0.00	0.10	0.00	0.00	0.00	0.00	0.00	0.19	0.10	66.31	-0.76	23.65	0	101	0	0	0	0	0	0	101	120.96	-1.60	1.56	2.32	4.51	3.73	-0.30	0.93	24.89	26.35
7/3/2025 12:11:26 PM	0.00	0.28	0.00	0.00	0.00	0.00	0.00	0.00	0.28	67.55	-0.76	23.65	0	283	0	0	0	0	0	0	283	123.22	-0.44	1.01	0.73	-1.35	7.12	-0.46	0.93	24.91	26.35
7/3/2025 12:11:29 PM	0.00	0.59	0.00	0.00	0.00	0.00	0.00	0.02	0.59	64.60	-0.77	23.64	0	586	0	0	0	0	0	0	586	117.84	1.95	2.70	3.33	2.85	5.15	-2.94	0.92	24.96	26.37
7/3/2025 12:11:31 PM	0.00	0.90	0.00	0.00	0.00	0.00	0.00	0.00	0.90	63.63	-0.76	23.66	0	901	0	0	0	0	0	0	901	116.07	2.21	-2.02	6.76	2.28	4.72	-1.97	0.93	24.99	26.42
7/3/2025 12:11:34 PM	0.00	1.06	0.00	0.00	0.00	0.00	0.00	0.00	1.06	65.14	-0.76	23.66	0	1055	0	0	0	0	0	0	1055	118.82	2.27	1.37	5.37	1.78	7.05	-4.54	0.93	25.02	26.45
7/3/2025 12:11:37 PM	0.00	0.21	0.00	0.00	0.00	0.00	0.00	0.02	0.21	65.36	-0.76	23.69	0	208	0	0	0	0	0	0	208	119.23	0.06	-0.91	1.32	1.28	5.61	-0.07	0.93	25.05	26.48
7/3/2025 12:11:40 PM	0.00	0.51	0.00	0.13	0.00	0.00	0.00	0.00	0.64	64.71	-0.76	23.69	0	512	0	4	0	0	0	0	516	118.04	2.70	0.10	3.22	0.57	6.29	-0.04	0.93	25.06	26.47
7/3/2025 12:11:42 PM	0.01	0.83	0.00	0.00	0.00	0.00	0.00	0.00	0.84	65.84	-0.76	23.68	5	833	0	0	0	0	0	0	838	120.11	1.49	-2.32	5.08	1.16	6.33	0.29	0.93	25.09	26.48
7/3/2025 12:11:45 PM	0.00	0.77	0.00	0.13	0.00	0.00	0.00	0.07	0.90	65.62	-0.76	23.68	0	770	0	4	0	0	0	0	773	119.70	1.42	2.63	4.68	2.72	6.27	0.83	0.93	25.11	26.50
7/3/2025 12:11:48 PM	0.27	0.66	0.00	0.00	0.00	0.00	0.00	0.06	0.93	65.88	-0.76	23.67	144	661	0	0	0	0	0	0	804	120.17	1.35	2.40	5.98	2.64	3.72	1.36	0.93	25.12	26.47
7/3/2025 12:11:51 PM	0.12	0.53	0.00	0.00	0.00	0.00	0.00	0.00	0.65	64.68	-0.77	23.68	63	531	0	0	0	0	0	0	594	117.99	0.28	2.08	5.30	-0.32	3.72	1.69	0.92	25.14	26.51
7/3/2025 12:11:54 PM	0.05	0.68	0.00	0.00	0.00	0.00	0.00	0.00	0.73	66.25	-0.77	23.63	26	680	0	0	0	0	0	0	706	120.85	0.61	1.77	4.70	1.02	5.06	0.54	0.92	25.15	26.53
7/3/2025 12:11:56 PM	0.00	0.61	0.00	0.00	0.00	0.00	0.00	0.00	0.61	65.79	-0.76	23.62	0	608	0	0	0	0	0	0	608	120.00	-0.43	-0.97	3.60	-2.25	7.07	0.89	0.93	25.18	26.51
7/3/2025 12:11:59 PM	0.00	0.76	0.16	0.00	0.00	0.00	0.00	0.00	0.93	64.41	-0.75	23.60	0	765	73	0	0	0	0	0	837	117.49	2.93	0.72	5.92	1.89	4.40	0.03	0.93	25.18	26.53
7/3/2025 12:12:02 PM	0.00	0.00	0.48	0.00	0.00	0.00	0.00	0.17	0.48	65.23	-0.65	23.60	0	0	214	0	0	0	0	0	214	118.98	2.30	1.71	2.31	4.13	3.09	2.92	0.94	25.22	26.53
7/3/2025 12:12:05 PM	0.75	0.39	0.00	0.06	0.00	0.00	0.00	0.00	1.20	65.37	-0.61	23.60	397	390	0	2	0	0	0	0	789	119.24	0.72	0.81	3.31	2.39	6.30	3.20	0.94	25.24	26.59
7/3/2025 12:12:08 PM	0.00	0.72	0.00	0.00	0.00	0.00	0.00	0.00	0.72	64.89	-0.59	23.61	0	723	0	0	0	0	0	0	723	118.36	0.21	0.54	6.19	1.53	4.00	-1.33	0.94	25.25	26.53
7/3/2025 12:12:10 PM	0.00	0.45	0.30	0.00	0.00	0.00	0.00	0.00	0.76	63.76	-0.57	23.62	0	453	137	0	0	0	0	0	590	116.31	1.87	1.05	4.34	0.84	4.44	1.70	0.94	25.23	26.51
7/3/2025 12:12:13 PM	5.90	0.84	0.14	1.12	0.00	0.00	0.00	0.00	8.00	67.48	-0.56	23.71	3127	844	63	34	0	0	0	0	4067	123.09	7.42	3.58	13.36	15.47	14.66	26.47	0.95	25.26	26.55
7/3/2025 12:12:16 PM	13.86	1.33	0.40	1.61	0.00	0.00	0.00	0.00	17.19	69.38	-0.54	23.90	7346	1325	178	48	0	0	0	0	8898	126.56	13.40	4.02	23.52	32.78	25.47	58.30	0.95	25.29	26.58
7/3/2025 12:12:19 PM	12.72	1.82	1.59	2.03	0.00	0.00	0.00	0.00	18.17	73.68	-0.51	23.85	6744	1824	716	61	0	0	0	0	9346	134.40	17.19	4.54	26.02	35.38	29.36	60.51	0.95	25.27	26.55
7/3/2025 12:12:21 PM	12.30	2.38	2.17	1.22	0.00	0.00	0.00	0.00	18.06	73.52	-0.50	23.84	6517	2378	977	36	0	0	0	0	9908	134.11	16.36	5.53	26.54	35.58	27.66	57.52	0.95	25.30	26.59
7/3/2025 12:12:24 PM	13.92	2.42	0.60	1.63	0.00	0.00	0.00	0.00	18.57	73.25	-0.49	23.79	7380	2417	269	49	0	0	0	0	10114	133.61	14.75	6.27	28.06	35.13	28.70	59.16	0.95	25.30	26.61
7/3/2025 12:12:27 PM	13.11	2.20	1.76	1.02	0.00	0.00	0.00	0.00	18.09	73.19	-0.47	23.78	6950	2200	792	30	0	0	0	0	9973	133.49	14.87	5.76	26.31	34.56	26.18	58.67	0.95	25.30	26.61
7/3/2025 12:12:29 PM	13.27	3.02	2.94	0.00	0.00	0.00	0.00	0.00	19.23	72.87	-0.46	23.66	7035	3023	1321	0	0	0	0	0	11379	132.91	15.11	3.99	28.30	35.70	26.76	60.45	0.95	25.37	26.64
7/3/2025 12:12:33 PM	13.15	2.54	2.22	0.76	0.00	0.00	0.00	0.00	18.67	73.39	-0.45	23.46	6970	2536	997	23	0	0	0	0	10526	133.87	15.78	4.60	26.60	36.87	27.60	58.72	0.96	25.33	26.59
7/3/2025 12:12:35 PM	14.01	1.76	1.12	1.52	0.00	0.00	0.00	0.00	18.42	73.81	-0.44	23.39	7427	1760	504	46	0	0	0	0	9738	134.63	15.16	6.59	26.24	35.98	26.32	60.90	0.96	25.35	26.61
7/3/2025 12:12:38 PM	14.76	1.91	0.00	1.67	0.00	0.00	0.00	0.00	18.33	73.26	-0.42	23.36	7822	1908	0	50	0	0	0	0	9779	133.63	13.66	4.60	26.10	34.82	27.92	59.85	0.96	25.36	26.59
7/3/2025 12:12:41 PM	13.36	2.17	1.84	1.01	0.00	0.00	0.00	0.00	18.38	73.47	-0.40	23.31	7079	2169	828	30	0	0	0	0	10107	134.01	14.79	6.99	27.19	34.15	25.65	60.58	0.96	25.38	26.61
7/3/2025 12:12:43 PM	14.35	2.58	1.72	0.69	0.00	0.00	0.00	0.00	19.35	73.03	-0.39	23.23	7606	2584	775	21	0	0	0	0	10986	133.21	14.79	7.16	28.33	37.37	26.47	61.12	0.96	25.41	26.66
7/3/2025 12:12:46 PM	15.56	2.17	0.00	1.28	0.00	0.00	0.00	0.00	19.01	73.30	-0.38	23.16	8246	2173	0	38	0	0	0	0	10457	133.70	13.06	5.06	26.68	36.68	27.93	60.58	0.96	25.39	26.61
7/3/2025 12:12:49 PM	12.86	2.92	3.84	0.00	0.00	0.00	0.00	0.00	19.62	73.53	-0.38	23.15	6817	2922	1727	0	0	0	0	0	11466	134.12	17.08	3.85	28.18	38.09	27.03	61.85	0.96	25.41	26.71
7/3/2025 12:12:52 PM	12.06	2.99	4.24	0.00	0.00	0.00	0.00	0.00	19.28	73.32	-0.37	23.16	6390	2991	1906	0	0	0	0	0	11287	133.74	17.39	5.77	28.61	37.21	26.18	60.84	0.96	25.41	26.64
7/3/2025 12:12:54 PM	13.67	2.61	2.89	0.04	0.00	0.00	0.00	0.00	19.21	72.42	-0.36	23.20	7243	2607	1302	1	0	0	0	0	11153	132.09	15.09	4.85	26.89	36.86	25.79	61.23	0.96	25.43	26.69
7/3/2025 12:12:57 PM	12.81	2.35	2.68	0.66	0.00	0.00	0.00	0.00	18.49	72.77	-0.36	23.21	6788	2354	1204	20	0	0	0	0	10365	132.73	15.94	3.88	25.89	35.80	27.06	59.66	0.96	25.43	26.71
7/3/2025 12:13:00 PM	13.37	2.57	3.18	0.27	0.00	0.00	0.00	0.00	19.39	73.32	-0.35	23.17	7089	2566	1431	8	0	0	0	0	11093	133.74	16.12	4.97	27.27	37.08	26.62	62.48	0.97	25.45	26.71
7/3/2025 12:13:03 PM	14.03	1.21	0.32	2.25	0.00	0.00	0.00	0.00	17.80	72.89	-0.34	23.10	7435	1205	143	67	0	0	0	0	8852	132.95	15.25	5.61	24.74	35.15	27.02	60.49	0.97	25.43	26.66
7/3/2025 12:13:05 PM	14.19	2.53	2.04	0.54	0.00	0.00	0.00	0.00	19.31	72.97	-0.33	23.03	7519	2533	918	16	0	0	0	0	10987	133.10	15.20	5.15	27.14	38.05	27.01	60.80	0.97	25.43	26.71
7/3/2025 12:13:08 PM	12.87	2.83	3.58	0.03	0.00	0.00	0.00	0.00	19.31	73.22	-0.33	22.97	6822	2826	1612	1	0	0	0	0	11261	133.56	16.30	4.98	27.55	36.99	26.62	61.30	0.97	25.46	26.67
7/3/2025 12:13:11 PM	14.24	1.82	1.48	1.25	0.00	0.00	0.00	0.00	18.80	73.64	-0.32	22.93	7549	1823	668	38	0	0	0	0	10078	134.32	15.41	6.24	26.21	37.19	26.22	61.82	0.97	25.49	26.71
7/3/2025 12:13:14 PM	14.01	2.39	3.32	0.00	0.00	0.00	0.00	0.00	19.71	73.29	-0.30	22.90	7424	2391	1492	0	0	0	0	0	11307	133.68	15.99	4.82	26.67	38.69	25.57	63.65	0.97	25.45	26.69
7/3/2025 12:13:16 PM	15.22	1.47	0.26	1.82	0.00	0.00	0.00	0.00	18.76	72.40	-0.29	22.92	8066	1465	117	54	0	0	0	0	9703	132.06	14.63	5.45	25.71	36.81	27.14	62.68	0.97	25.45	26.71
7/3/2025 12:13:19 PM	11.90	2.19	3.95	0.69	0.00	0.00	0.00	0.00	18.73	73.34	-0.27	22.90	6309	2189	1777	21	0	0	0	0	10296	133.76	18.12	6.00	26.36	37.19	26.15	61.59	0.97	25.46	26.67
7/3/2025 12:13:22 PM	14.30	2.31	2.30	0.65	0.00	0.00	0.00	0.00	19.55	72.37	-0.25	22.88	7578	2308	1033	19	0	0	0	0	10938	132.01	15.89	5.19	26.97	38.66	26.99	62.78	0.98	25.50	26.71
7/3/2025 12:13:25 PM	13.96	2.43	2.05	1.24	0.00	0.00	0.00	0.00	19.68	71.98	-0.24	22.90	7400	2431	921	37	0	0	0	0	10789	131.30	16.86	6.07	28.44	38.28	28.94	63.33	0.98	25.52	26.74
7/3/2025 12:13:27 PM	14.87	3.10	2.93	0.70	0.00	0.00	0.00	0.00	21.59	72.33	-0.24	22.33	7883	3096	1317	21	0	0	0	0	12316	131.94	17.87	6.03	31.39	40.78	30.88	68.69	0.98	25.50	26.74
7/3/2025 12:13:30 PM	5.29	0.45	1.24	0.09	0.00	0.00	0.00	0.00	7.06	58.94	-0.62	22.45	2805	446	557	3	0	0	0	0	3811	107.51	6.28	2.31	9.93	14.61	10.17	24.32	0.94	25.51	26.75
7/3/2025 12:13:33 PM	0.26	0.60	0.00	0.00	0.00	0.00	0.00	0.00	0.86	63.00	-0.76	22.69	138	595	0	0	0	0	0	0	733	114.92	-0.36	2.07	5.05	1.93	4.47	1.02	0.93	25.50	26.79
7/3/2025 12:13:36 PM	0.00	0.39	0.00	0.00	0.00	0.00	0.00	0.00	0.39	63.38	-0.76	22.81	0	393	0	0	0	0	0	0	393	115.61	0.71	-1.38	3.82	-0.09	4.52	0.55	0.93	25.50	26.75
7/3/2025 12:13:38 PM	0.00	0.27	0.00	0.13	0.00	0.00	0.00	0.00	0.39	64.11	-0.76	22.92	0	266	0	4	0	0	0	0	270	116.94	2.30	0.60	3.15	0.50	4.42	0.19	0.93	25.52	26.75
7/3/2025 12:13:41 PM	0.00	0.49	0.00	0.00	0.00	0.00	0.00	0.03	0.49	64.22	-0.76	22.98	0	493	0	0	0	0	0	0	493	117.15	1.35	-0.41	4.30	1.52	4.26	0.10	0.93	25.52	26.75
7/3/2025 12:13:44 PM	0.03	0.35	0.00	0.00	0.00	0.00	0.00	0.07	0.38	64.18	-0.76	23.05	18	352	0	0	0	0	0	0	369	117.08	-0.55	-0.77	4.13	2.24	3.90	0.64	0.93	25.52	26.82
7/3/2025 12:15:07 PM	0.00	0.59	0.00	0.00	0.00	0.00	0.00	0.00	0.59	63.79	-0.76	22.94	0	587	0	0	0	0	0	0	587	116.36	-1.09	-3.04	4.42	-1.90	6.71	-2.16	0.93	24.75	26.53
7/3/2025 12:15:11 PM	0.00	0.00	0.00	0.00	0.00	0.00	0.00	0.00	0.00	58.03	-0.76	22.93	0	0	0	0	0	0	0	0	0	105.85	-1.25	2.23	-1.36	-3.06	3.84	-2.18	0.93	24.82	26.56
7/3/2025 12:15:13 PM	0.00	0.00	0.00	0.00	0.00	0.00	0.00	0.16	0.00	33.10	-0.76	22.96	0	0	0	0	0	0	0	0	0	60.40	-3.83	0.39	-0.02	3.77	2.40	0.96	0.93	24.83	26.53
7/3/2025 12:15:16 PM	0.00	0.00	0.00	0.00	0.00	0.00	0.00	0.00	0.00	45.35	-0.76	23.00	0	0	0	0	0	0	0	0	0	82.75	-4.92	-7.08	3.13	-1.11	4.93	-6.27	0.93	24.85	26.51
7/3/2025 12:15:19 PM	0.00	0.20	0.00	0.00	0.00	0.00	0.00	0.00	0.20	61.19	-0.75	23.06	0	195	0	0	0	0	0	0	195	111.62	-0.41	-1.75	2.30	-0.02	5.19	-3.42	0.93	24.88	26.55
7/3/2025 12:15:21 PM	0.86	0.04	0.00	0.00	0.00	0.00	0.00	0.00	0.89	64.11	-0.75	23.13	454	37	0	0	0	0	0	0	490	116.95	-0.70	-4.69	4.23	1.36	3.92	3.89	0.93	24.95	26.64
7/3/2025 12:15:24 PM	0.00	0.00	0.00	0.14	0.00	0.00	0.00	0.06	0.14	67.15	-0.76	23.14	0	0	0	4	0	0	0	0	4	122.49	3.44	-0.93	-1.15	1.62	4.82	0.79	0.93	24.94	26.55
7/3/2025 12:15:27 PM	0.00	0.00	0.00	0.00	0.00	0.00	0.00	0.00	0.00	63.85	-0.76	23.15	0	0	0	0	0	0	0	0	0	116.47	-5.26	-4.52	3.22	-6.84	4.32	1.18	0.93	24.95	26.59
7/3/2025 12:15:30 PM	0.00	0.00	0.00	0.00	0.00	0.00	0.00	0.00	0.00	62.10	-0.75	23.19	0	0	0	0	0	0	0	0	0	113.28	-2.56	-1.94	0.61	0.72	3.90	-6.37	0.93	24.99	26.63
7/3/2025 12:15:33 PM	0.00	0.00	0.00	0.00	0.00	0.00	0.00	0.00	0.00	57.78	-0.75	23.21	0	0	0	0	0	0	0	0	0	105.40	-10.75	-0.40	4.52	2.71	1.56	-5.89	0.93	25.01	26.63
7/3/2025 12:15:35 PM	0.89	0.00	0.00	0.00	0.00	0.00	0.00	0.00	0.89	55.06	-0.75	23.20	470	0	0	0	0	0	0	0	470	100.44	-3.80	-4.24	1.51	-4.58	2.38	9.79	0.93	25.04	26.64
7/3/2025 12:15:38 PM	0.00	0.00	0.00	0.00	0.00	0.00	0.00	0.00	0.00	55.18	-0.76	23.21	0	0	0	0	0	0	0	0	0	100.67	-2.23	4.05	-0.03	-1.17	4.59	0.57	0.93	25.04	26.61
7/3/2025 12:15:41 PM	0.00	0.00	0.00	0.00	0.00	0.00	0.00	0.00	0.00	60.15	-0.76	23.22	0	0	0	0	0	0	0	0	0	109.72	-3.70	-2.62	2.31	-4.62	3.12	-0.48	0.93	25.05	26.61
7/3/2025 12:15:44 PM	0.00	0.42	0.00	0.00	0.00	0.00	0.00	0.34	0.42	57.52	-0.76	23.24	0	420	0	0	0	0	0	0	420	104.93	-1.19	0.41	8.22	8.45	0.03	-2.11	0.93	25.09	26.67
7/3/2025 12:15:46 PM	0.00	1.37	0.00	0.00	0.00	0.00	0.00	0.00	1.37	57.26	-0.76	23.23	0	1370	0	0	0	0	0	0	1370	104.46	-9.87	-3.56	6.13	-0.49	12.14	2.10	0.93	25.10	26.67
7/3/2025 12:15:49 PM	0.00	0.00	0.00	0.00	0.00	0.00	0.00	0.00	0.00	59.81	-0.76	23.24	0	0	0	0	0	0	0	0	0	109.10	1.75	-2.06	-3.42	-2.01	3.43	-1.28	0.93	25.13	26.71
7/3/2025 12:15:52 PM	0.00	0.32	0.00	0.00	0.00	0.00	0.00	0.00	0.32	50.91	-0.75	23.23	0	325	0	0	0	0	0	0	325	92.87	-0.18	-4.61	4.76	-5.01	5.37	-4.32	0.93	25.10	26.69
7/3/2025 12:15:55 PM	0.74	0.00	0.00	0.00	0.00	0.00	0.00	0.00	0.74	51.53	-0.75	23.25	392	0	0	0	0	0	0	0	392	94.00	-0.07	-2.25	1.08	0.52	3.51	4.44	0.93	25.14	26.74
7/3/2025 12:15:58 PM	0.00	0.00	0.00	0.00	0.00	0.00	0.00	0.14	0.00	49.71	-0.75	23.25	0	0	0	0	0	0	0	0	0	90.69	-4.83	-4.90	-0.92	3.85	3.49	0.38	0.93	25.15	26.69
7/3/2025 12:16:00 PM	0.00	0.00	0.00	0.00	0.00	0.00	0.00	0.00	0.00	54.56	-0.75	23.26	0	5	0	0	0	0	0	0	5	99.53	1.12	-1.82	6.30	-3.07	-0.10	-3.25	0.93	25.15	26.71
7/3/2025 12:16:03 PM	0.00	0.00	0.00	0.00	0.00	0.00	0.00	0.00	0.00	50.17	-0.75	23.25	0	0	0	0	0	0	0	0	0	91.53	-1.17	-1.85	1.17	-2.48	4.12	-7.02	0.93	25.16	26.72
7/3/2025 12:16:06 PM	1.67	0.22	0.00	0.00	0.00	0.00	0.00	0.00	1.89	51.89	-0.75	23.22	884	219	0	0	0	0	0	0	1103	94.66	-3.87	-3.13	7.83	4.29	3.08	6.48	0.93	25.18	26.71
7/3/2025 12:16:09 PM	0.25	0.00	0.00	0.00	0.00	0.00	0.00	0.00	0.25	45.32	-0.74	23.19	130	0	0	0	0	0	0	0	130	82.68	-3.87	-3.26	1.98	-0.81	1.19	3.69	0.93	25.20	26.69
7/3/2025 12:16:11 PM	0.00	0.00	0.00	0.00	0.00	0.00	0.00	0.00	0.00	51.61	-0.67	23.16	0	0	0	0	0	0	0	0	0	94.15	-7.09	0.43	-3.97	0.36	2.79	0.20	0.93	25.21	26.69
7/3/2025 12:16:14 PM	0.00	0.00	0.00	0.00	0.00	0.00	0.00	0.00	0.00	50.30	-0.61	23.17	0	0	0	0	0	0	0	0	0	91.76	-3.13	-3.74	-3.23	-4.11	-1.17	2.00	0.94	25.20	26.72
7/3/2025 12:16:17 PM	0.27	0.00	0.00	0.00	0.00	0.00	0.00	0.00	0.27	52.00	-0.59	23.19	141	0	0	0	0	0	0	0	141	94.86	-6.92	-2.81	3.54	1.90	2.76	1.57	0.94	25.23	26.72
7/3/2025 12:16:20 PM	0.00	0.00	0.00	0.00	0.00	0.00	0.00	0.00	0.00	51.56	-0.56	23.18	0	0	0	0	0	0	0	0	0	94.07	-1.38	1.40	2.84	-5.49	3.80	-2.24	0.94	25.20	26.72
7/3/2025 12:16:22 PM	0.00	0.83	1.87	0.00	0.00	0.00	0.00	0.00	2.69	54.84	-0.55	23.32	0	825	839	0	0	0	0	0	1665	100.04	7.99	0.49	8.16	5.91	5.83	6.40	0.95	25.21	26.72
7/3/2025 12:16:25 PM	7.74	0.03	2.99	0.00	0.00	0.00	0.00	0.00	10.75	60.86	-0.53	23.92	4104	25	1344	0	0	0	0	0	5473	111.01	11.43	2.44	12.09	26.13	11.53	37.58	0.95	25.26	26.77
7/3/2025 12:16:28 PM	7.29	0.63	0.00	0.00	0.00	0.00	0.00	0.00	7.92	44.63	-0.52	24.18	3865	630	0	0	0	0	0	0	4496	81.42	-1.13	-1.24	12.03	14.93	11.66	27.20	0.95	25.27	26.74
7/3/2025 12:16:30 PM	9.54	0.00	1.22	0.00	0.00	0.00	0.00	0.29	10.76	50.56	-0.51	24.17	5057	0	548	0	0	0	0	0	5605	92.24	10.33	-10.96	8.92	30.10	16.45	38.27	0.95	25.28	26.80
7/3/2025 12:16:33 PM	7.85	2.03	0.00	0.00	0.00	0.00	0.00	0.00	9.87	43.75	-0.49	24.02	4158	2028	0	0	0	0	0	0	6187	79.82	2.91	3.21	17.51	14.69	16.16	30.86	0.95	25.26	26.71
7/3/2025 12:16:36 PM	8.64	0.96	0.00	0.00	0.00	0.00	0.00	0.25	9.60	41.35	-0.47	23.85	4581	956	0	0	0	0	0	0	5537	75.44	3.79	0.78	11.36	25.73	15.58	30.54	0.95	25.31	26.75
7/3/2025 12:16:39 PM	9.43	1.26	0.72	0.00	0.00	0.00	0.00	0.00	11.41	46.89	-0.44	23.63	4995	1259	325	0	0	0	0	0	6579	85.54	7.30	-6.67	18.26	16.97	15.84	40.20	0.96	25.31	26.77
7/3/2025 12:16:41 PM	9.58	0.78	0.00	0.00	0.00	0.00	0.00	0.00	10.36	46.93	-0.42	23.43	5076	780	0	0	0	0	0	0	5856	85.62	6.05	-0.81	17.87	22.81	8.78	32.45	0.96	25.31	26.77
7/3/2025 12:16:44 PM	11.02	0.95	0.00	0.41	0.00	0.00	0.00	0.00	12.39	48.10	-0.41	23.34	5843	953	0	12	0	0	0	0	6808	87.75	7.29	-0.45	12.70	27.90	20.67	38.63	0.96	25.31	26.79
7/3/2025 12:16:47 PM	12.69	1.29	0.00	0.00	0.00	0.00	0.00	0.00	13.98	49.56	-0.40	23.23	6727	1286	0	0	0	0	0	0	8013	90.42	4.73	-1.88	21.46	29.13	15.18	44.23	0.96	25.33	26.80
7/3/2025 12:16:50 PM	14.33	1.59	0.00	0.00	0.00	0.00	0.00	0.00	15.92	49.51	-0.40	23.23	7596	1590	0	0	0	0	0	0	9186	90.32	6.19	0.74	24.87	30.40	16.58	51.58	0.96	25.31	26.72
7/3/2025 12:16:52 PM	12.37	1.75	1.37	0.29	0.00	0.00	0.00	0.00	15.77	54.95	-0.37	23.23	6555	1748	617	9	0	0	0	0	8929	100.25	10.82	2.25	21.81	27.70	22.08	53.09	0.96	25.32	26.77
7/3/2025 12:16:55 PM	13.96	1.21	2.78	0.00	0.00	0.00	0.00	0.00	17.94	59.05	-0.36	23.18	7398	1205	1250	0	0	0	0	0	9854	107.72	13.76	0.51	22.94	33.68	21.02	62.78	0.96	25.32	26.79
7/3/2025 12:16:58 PM	16.57	1.12	2.39	0.00	0.00	0.00	0.00	0.00	20.09	62.29	-0.35	23.09	8783	1124	1076	0	0	0	0	0	10984	113.63	13.36	0.66	27.25	34.11	20.61	73.09	0.97	25.37	26.80
7/3/2025 12:17:01 PM	23.84	1.91	0.00	0.00	0.00	0.00	0.00	0.00	25.74	62.26	-0.33	22.88	12633	1907	0	0	0	0	0	0	14540	113.57	11.36	-2.66	30.55	51.77	30.18	83.91	0.97	25.35	26.77
7/3/2025 12:17:03 PM	20.96	1.68	0.15	0.61	0.00	0.00	0.00	0.00	23.40	66.71	-0.33	22.73	11111	1679	67	18	0	0	0	0	12875	121.69	13.17	2.17	28.83	42.37	29.22	80.04	0.97	25.35	26.77
7/3/2025 12:17:06 PM	20.14	0.30	0.00	0.57	0.00	0.00	0.00	0.00	21.01	52.55	-0.31	22.71	10675	302	0	17	0	0	0	0	10994	95.87	10.60	1.22	20.27	42.42	25.87	73.89	0.97	25.37	26.83
7/3/2025 12:17:09 PM	22.17	4.11	1.71	0.00	0.00	0.00	0.00	0.00	27.99	65.89	-0.30	22.46	11752	4110	768	0	0	0	0	0	16630	120.20	18.09	1.76	40.51	52.14	35.41	86.73	0.97	25.40	26.85
7/3/2025 12:17:11 PM	3.09	0.00	1.44	0.00	0.00	0.00	0.00	0.00	4.53	39.02	-0.55	22.27	1640	0	647	0	0	0	0	0	2287	71.19	5.01	0.27	4.16	9.82	8.23	17.38	0.95	25.38	26.80
7/3/2025 12:17:14 PM	0.93	0.57	0.00	0.00	0.00	0.00	0.00	0.00	1.50	46.54	-0.75	22.56	490	572	0	0	0	0	0	0	1062	84.92	-4.14	-3.75	4.91	1.68	7.88	4.92	0.93	25.41	26.83
7/3/2025 12:17:17 PM	0.00	0.75	0.00	0.00	0.00	0.00	0.00	0.00	0.75	69.06	-0.75	22.71	0	754	0	0	0	0	0	0	754	125.97	1.70	2.82	4.27	-2.88	6.98	-5.86	0.93	25.40	26.85
7/3/2025 12:17:20 PM	0.00	0.00	0.00	0.00	0.00	0.00	0.00	0.00	0.00	47.29	-0.75	22.82	0	0	0	0	0	0	0	0	0	86.27	-3.69	3.95	4.20	2.66	-0.04	-5.27	0.93	25.40	26.83
7/3/2025 12:17:23 PM	0.00	1.11	0.00	0.00	0.00	0.00	0.00	0.00	1.11	65.04	-0.75	22.90	0	1114	0	0	0	0	0	0	1114	118.64	2.28	2.85	7.83	-1.60	5.06	0.25	0.93	25.39	26.85
7/3/2025 12:17:25 PM	0.51	0.31	0.00	0.00	0.00	0.00	0.00	0.00	0.82	66.85	-0.75	23.00	272	308	0	0	0	0	0	0	580	121.95	-1.17	-1.37	4.49	0.55	4.55	3.04	0.93	25.42	26.85
7/3/2025 12:17:28 PM	0.59	0.00	0.00	0.00	0.00	0.00	0.00	0.00	0.59	66.34	-0.75	23.07	314	0	0	0	0	0	0	0	314	121.01	-0.54	-1.76	2.02	0.92	3.17	3.24	0.93	25.41	26.85
7/3/2025 12:17:31 PM	0.00	1.34	0.00	0.00	0.00	0.00	0.00	0.00	1.34	67.69	-0.75	23.12	0	1339	0	0	0	0	0	0	1339	123.46	0.63	1.86	10.18	1.36	4.17	-0.87	0.93	25.42	26.85
7/3/2025 12:17:34 PM	0.31	0.37	0.00	0.00	0.00	0.00	0.00	0.00	0.68	65.31	-0.75	23.13	166	370	0	0	0	0	0	0	536	119.13	0.18	-0.56	2.78	0.64	5.96	1.89	0.93	25.41	26.83
