VC:46e9e7d BD:Jun  9 2016 SN:US4300170200001328
                     Time,      [CH4]_ppm,   [CH4]_ppm_sd,     [CH4L]_ppm,  [CH4L]_ppm_sd,     [CH4H]_ppm,  [CH4H]_ppm_sd,      [H2O]_ppm,   [H2O]_ppm_sd,      [CO2]_ppm,   [CO2]_ppm_sd,     [CH4]d_ppm,  [CH4]d_ppm_sd,     [CO2]d_ppm,  [CO2]d_ppm_sd,      GasP_torr,   GasP_torr_sd,         GasT_C,      GasT_C_sd,         AmbT_C,      AmbT_C_sd,         RD0_us,      RD0_us_sd,         RD1_us,      RD1_us_sd,       Fit_Flag,      MIU_VALVE,       MIU_DESC
  12/31/2001 19:01:58.732,    6.70313e+01,    0.00000e+00,    6.70313e+01,    0.00000e+00,   -1.00000e-02,    0.00000e+00,    4.51794e+04,    0.00000e+00,    4.20543e+02,    0.00000e+00,    7.02030e+01,    0.00000e+00,    4.40442e+02,    0.00000e+00,    1.40365e+02,    0.00000e+00,    3.34942e+01,    0.00000e+00,    3.75072e+01,    0.00000e+00,    1.20704e+01,    0.00000e+00,    1.09196e+01,    0.00000e+00,              3,              0,       1 meters
  12/31/2001 19:01:59.726,    6.82111e+01,    0.00000e+00,    6.82111e+01,    0.00000e+00,   -1.00000e-02,    0.00000e+00,    4.55273e+04,    0.00000e+00,    4.21320e+02,    0.00000e+00,    7.14647e+01,    0.00000e+00,    4.41416e+02,    0.00000e+00,    1.40373e+02,    0.00000e+00,    3.34954e+01,    0.00000e+00,    3.75011e+01,    0.00000e+00,    1.20727e+01,    0.00000e+00,    1.09136e+01,    0.00000e+00,              3,              0,       1 meters
  12/31/2001 19:02:00.721,    6.90772e+01,    0.00000e+00,    6.90772e+01,    0.00000e+00,   -1.00000e-02,    0.00000e+00,    4.53292e+04,    0.00000e+00,    4.20329e+02,    0.00000e+00,    7.23571e+01,    0.00000e+00,    4.40287e+02,    0.00000e+00,    1.40466e+02,    0.00000e+00,    3.34959e+01,    0.00000e+00,    3.74994e+01,    0.00000e+00,    1.20683e+01,    0.00000e+00,    1.09180e+01,    0.00000e+00,              3,              0,       1 meters
  12/31/2001 19:02:01.717,    6.97360e+01,    0.00000e+00,    6.97360e+01,    0.00000e+00,   -1.00000e-02,    0.00000e+00,    4.52205e+04,    0.00000e+00,    4.20468e+02,    0.00000e+00,    7.30389e+01,    0.00000e+00,    4.40382e+02,    0.00000e+00,    1.40415e+02,    0.00000e+00,    3.34976e+01,    0.00000e+00,    3.75099e+01,    0.00000e+00,    1.20770e+01,    0.00000e+00,    1.09197e+01,    0.00000e+00,              3,              0,       1 meters
  12/31/2001 19:02:02.712,    7.03336e+01,    0.00000e+00,    7.03336e+01,    0.00000e+00,   -1.00000e-02,    0.00000e+00,    4.55445e+04,    0.00000e+00,    4.20491e+02,    0.00000e+00,    7.36898e+01,    0.00000e+00,    4.40556e+02,    0.00000e+00,    1.40372e+02,    0.00000e+00,    3.34987e+01,    0.00000e+00,    3.75077e+01,    0.00000e+00,    1.20767e+01,    0.00000e+00,    1.09224e+01,    0.00000e+00,              3,              0,       1 meters
  12/31/2001 19:02:03.708,    7.05909e+01,    0.00000e+00,    7.05909e+01,    0.00000e+00,   -1.00000e-02,    0.00000e+00,    4.53883e+04,    0.00000e+00,    4.20903e+02,    0.00000e+00,    7.39472e+01,    0.00000e+00,    4.40915e+02,    0.00000e+00,    1.40365e+02,    0.00000e+00,    3.35000e+01,    0.00000e+00,    3.75063e+01,    0.00000e+00,    1.20712e+01,    0.00000e+00,    1.09180e+01,    0.00000e+00,              3,              0,       1 meters
  12/31/2001 19:02:04.703,    7.06964e+01,    0.00000e+00,    7.06964e+01,    0.00000e+00,   -1.00000e-02,    0.00000e+00,    4.56795e+04,    0.00000e+00,    4.20584e+02,    0.00000e+00,    7.40804e+01,    0.00000e+00,    4.40715e+02,    0.00000e+00,    1.40468e+02,    0.00000e+00,    3.35005e+01,    0.00000e+00,    3.75028e+01,    0.00000e+00,    1.20736e+01,    0.00000e+00,    1.09205e+01,    0.00000e+00,              3,              0,       1 meters
  12/31/2001 19:02:05.698,    7.07273e+01,    0.00000e+00,    7.07273e+01,    0.00000e+00,   -1.00000e-02,    0.00000e+00,    4.55633e+04,    0.00000e+00,    4.20647e+02,    0.00000e+00,    7.41037e+01,    0.00000e+00,    4.40728e+02,    0.00000e+00,    1.40434e+02,    0.00000e+00,    3.35020e+01,    0.00000e+00,    3.75109e+01,    0.00000e+00,    1.20744e+01,    0.00000e+00,    1.09251e+01,    0.00000e+00,              3,              0,       1 meters
  12/31/2001 19:02:06.693,    7.09183e+01,    0.00000e+00,    7.09183e+01,    0.00000e+00,   -1.00000e-02,    0.00000e+00,    4.56148e+04,    0.00000e+00,    4.20942e+02,    0.00000e+00,    7.43078e+01,    0.00000e+00,    4.41061e+02,    0.00000e+00,    1.40384e+02,    0.00000e+00,    3.35033e+01,    0.00000e+00,    3.75117e+01,    0.00000e+00,    1.20780e+01,    0.00000e+00,    1.09180e+01,    0.00000e+00,              3,              0,       1 meters
  12/31/2001 19:02:07.690,    7.09892e+01,    0.00000e+00,    7.09892e+01,    0.00000e+00,   -1.00000e-02,    0.00000e+00,    4.57168e+04,    0.00000e+00,    4.20893e+02,    0.00000e+00,    7.43900e+01,    0.00000e+00,    4.41056e+02,    0.00000e+00,    1.40359e+02,    0.00000e+00,    3.35045e+01,    0.00000e+00,    3.75169e+01,    0.00000e+00,    1.20800e+01,    0.00000e+00,    1.09219e+01,    0.00000e+00,              3,              0,       1 meters
  12/31/2001 19:02:08.686,    7.10055e+01,    0.00000e+00,    7.10055e+01,    0.00000e+00,   -1.00000e-02,    0.00000e+00,    4.58337e+04,    0.00000e+00,    4.20311e+02,    0.00000e+00,    7.44162e+01,    0.00000e+00,    4.40500e+02,    0.00000e+00,    1.40468e+02,    0.00000e+00,    3.35050e+01,    0.00000e+00,    3.75053e+01,    0.00000e+00,    1.20791e+01,    0.00000e+00,    1.09266e+01,    0.00000e+00,              3,              0,       1 meters
  12/31/2001 19:02:09.681,    7.10066e+01,    0.00000e+00,    7.10066e+01,    0.00000e+00,   -1.00000e-02,    0.00000e+00,    4.59656e+04,    0.00000e+00,    4.20268e+02,    0.00000e+00,    7.44277e+01,    0.00000e+00,    4.40517e+02,    0.00000e+00,    1.40443e+02,    0.00000e+00,    3.35061e+01,    0.00000e+00,    3.75121e+01,    0.00000e+00,    1.20808e+01,    0.00000e+00,    1.09341e+01,    0.00000e+00,              3,              0,       1 meters
  12/31/2001 19:02:10.676,    7.10207e+01,    0.00000e+00,    7.10207e+01,    0.00000e+00,   -1.00000e-02,    0.00000e+00,    4.57949e+04,    0.00000e+00,    4.20175e+02,    0.00000e+00,    7.44292e+01,    0.00000e+00,    4.40340e+02,    0.00000e+00,    1.40399e+02,    0.00000e+00,    3.35079e+01,    0.00000e+00,    3.75187e+01,    0.00000e+00,    1.20858e+01,    0.00000e+00,    1.09234e+01,    0.00000e+00,              3,              0,       1 meters
  12/31/2001 19:02:11.671,    7.10447e+01,    0.00000e+00,    7.10447e+01,    0.00000e+00,   -1.00000e-02,    0.00000e+00,    4.57660e+04,    0.00000e+00,    4.20494e+02,    0.00000e+00,    7.44521e+01,    0.00000e+00,    4.40662e+02,    0.00000e+00,    1.40372e+02,    0.00000e+00,    3.35089e+01,    0.00000e+00,    3.75145e+01,    0.00000e+00,    1.20864e+01,    0.00000e+00,    1.09231e+01,    0.00000e+00,              3,              0,       1 meters
  12/31/2001 19:02:12.667,    7.10433e+01,    0.00000e+00,    7.10433e+01,    0.00000e+00,   -1.00000e-02,    0.00000e+00,    4.58316e+04,    0.00000e+00,    4.20054e+02,    0.00000e+00,    7.44557e+01,    0.00000e+00,    4.40230e+02,    0.00000e+00,    1.40455e+02,    0.00000e+00,    3.35094e+01,    0.00000e+00,    3.75068e+01,    0.00000e+00,    1.20878e+01,    0.00000e+00,    1.09254e+01,    0.00000e+00,              3,              0,       1 meters
  12/31/2001 19:02:13.661,    7.11390e+01,    0.00000e+00,    7.11390e+01,    0.00000e+00,   -1.00000e-02,    0.00000e+00,    4.61060e+04,    0.00000e+00,    4.20046e+02,    0.00000e+00,    7.45775e+01,    0.00000e+00,    4.40349e+02,    0.00000e+00,    1.40462e+02,    0.00000e+00,    3.35107e+01,    0.00000e+00,    3.75123e+01,    0.00000e+00,    1.20888e+01,    0.00000e+00,    1.09247e+01,    0.00000e+00,              3,              0,       1 meters
  12/31/2001 19:02:14.656,    7.11891e+01,    0.00000e+00,    7.11891e+01,    0.00000e+00,   -1.00000e-02,    0.00000e+00,    4.60481e+04,    0.00000e+00,    4.20349e+02,    0.00000e+00,    7.46255e+01,    0.00000e+00,    4.40640e+02,    0.00000e+00,    1.40411e+02,    0.00000e+00,    3.35124e+01,    0.00000e+00,    3.75196e+01,    0.00000e+00,    1.20887e+01,    0.00000e+00,    1.09248e+01,    0.00000e+00,              3,              0,       1 meters
  12/31/2001 19:02:15.651,    7.13472e+01,    0.00000e+00,    7.13472e+01,    0.00000e+00,   -1.00000e-02,    0.00000e+00,    4.63168e+04,    0.00000e+00,    4.20702e+02,    0.00000e+00,    7.48123e+01,    0.00000e+00,    4.41134e+02,    0.00000e+00,    1.40364e+02,    0.00000e+00,    3.35136e+01,    0.00000e+00,    3.75153e+01,    0.00000e+00,    1.20936e+01,    0.00000e+00,    1.09243e+01,    0.00000e+00,              3,              0,       1 meters
  12/31/2001 19:02:16.648,    7.13901e+01,    0.00000e+00,    7.13901e+01,    0.00000e+00,   -1.00000e-02,    0.00000e+00,    4.61226e+04,    0.00000e+00,    4.20112e+02,    0.00000e+00,    7.48420e+01,    0.00000e+00,    4.40426e+02,    0.00000e+00,    1.40440e+02,    0.00000e+00,    3.35141e+01,    0.00000e+00,    3.75096e+01,    0.00000e+00,    1.20869e+01,    0.00000e+00,    1.09276e+01,    0.00000e+00,              3,              0,       1 meters
  12/31/2001 19:02:17.643,    7.14934e+01,    0.00000e+00,    7.14934e+01,    0.00000e+00,   -1.00000e-02,    0.00000e+00,    4.61987e+04,    0.00000e+00,    4.20038e+02,    0.00000e+00,    7.49563e+01,    0.00000e+00,    4.40384e+02,    0.00000e+00,    1.40468e+02,    0.00000e+00,    3.35152e+01,    0.00000e+00,    3.75145e+01,    0.00000e+00,    1.20916e+01,    0.00000e+00,    1.09290e+01,    0.00000e+00,              3,              0,       1 meters
  12/31/2001 19:02:18.639,    7.15717e+01,    0.00000e+00,    7.15717e+01,    0.00000e+00,   -1.00000e-02,    0.00000e+00,    4.61898e+04,    0.00000e+00,    4.19802e+02,    0.00000e+00,    7.50376e+01,    0.00000e+00,    4.40132e+02,    0.00000e+00,    1.40428e+02,    0.00000e+00,    3.35166e+01,    0.00000e+00,    3.75224e+01,    0.00000e+00,    1.20905e+01,    0.00000e+00,    1.09276e+01,    0.00000e+00,              3,              0,       1 meters
  12/31/2001 19:02:19.633,    7.18745e+01,    0.00000e+00,    7.18745e+01,    0.00000e+00,   -1.00000e-02,    0.00000e+00,    4.61593e+04,    0.00000e+00,    4.20123e+02,    0.00000e+00,    7.53527e+01,    0.00000e+00,    4.40454e+02,    0.00000e+00,    1.40363e+02,    0.00000e+00,    3.35180e+01,    0.00000e+00,    3.75248e+01,    0.00000e+00,    1.20871e+01,    0.00000e+00,    1.09286e+01,    0.00000e+00,              3,              0,       1 meters
  12/31/2001 19:02:20.630,    7.18342e+01,    0.00000e+00,    7.18342e+01,    0.00000e+00,   -1.00000e-02,    0.00000e+00,    4.62798e+04,    0.00000e+00,    4.20031e+02,    0.00000e+00,    7.53200e+01,    0.00000e+00,    4.40414e+02,    0.00000e+00,    1.40425e+02,    0.00000e+00,    3.35186e+01,    0.00000e+00,    3.75168e+01,    0.00000e+00,    1.20882e+01,    0.00000e+00,    1.09248e+01,    0.00000e+00,              3,              0,       1 meters
  12/31/2001 19:02:21.625,    7.19352e+01,    0.00000e+00,    7.19352e+01,    0.00000e+00,   -1.00000e-02,    0.00000e+00,    4.64960e+04,    0.00000e+00,    4.20384e+02,    0.00000e+00,    7.54430e+01,    0.00000e+00,    4.40884e+02,    0.00000e+00,    1.40465e+02,    0.00000e+00,    3.35194e+01,    0.00000e+00,    3.75182e+01,    0.00000e+00,    1.20909e+01,    0.00000e+00,    1.09301e+01,    0.00000e+00,              3,              0,       1 meters
  12/31/2001 19:02:22.620,    7.19144e+01,    0.00000e+00,    7.19144e+01,    0.00000e+00,   -1.00000e-02,    0.00000e+00,    4.63880e+04,    0.00000e+00,    4.20347e+02,    0.00000e+00,    7.54126e+01,    0.00000e+00,    4.40795e+02,    0.00000e+00,    1.40442e+02,    0.00000e+00,    3.35209e+01,    0.00000e+00,    3.75297e+01,    0.00000e+00,    1.20921e+01,    0.00000e+00,    1.09207e+01,    0.00000e+00,              3,              0,       1 meters
  12/31/2001 19:02:23.615,    7.21326e+01,    0.00000e+00,    7.21326e+01,    0.00000e+00,   -1.00000e-02,    0.00000e+00,    4.64228e+04,    0.00000e+00,    4.20006e+02,    0.00000e+00,    7.56442e+01,    0.00000e+00,    4.40453e+02,    0.00000e+00,    1.40360e+02,    0.00000e+00,    3.35223e+01,    0.00000e+00,    3.75331e+01,    0.00000e+00,    1.20862e+01,    0.00000e+00,    1.09284e+01,    0.00000e+00,              3,              0,       1 meters
  12/31/2001 19:02:24.610,    7.22312e+01,    0.00000e+00,    7.22312e+01,    0.00000e+00,   -1.00000e-02,    0.00000e+00,    4.63538e+04,    0.00000e+00,    4.20005e+02,    0.00000e+00,    7.57421e+01,    0.00000e+00,    4.40420e+02,    0.00000e+00,    1.40400e+02,    0.00000e+00,    3.35229e+01,    0.00000e+00,    3.75246e+01,    0.00000e+00,    1.20848e+01,    0.00000e+00,    1.09248e+01,    0.00000e+00,              3,              0,       1 meters
  12/31/2001 19:02:25.605,    7.22023e+01,    0.00000e+00,    7.22023e+01,    0.00000e+00,   -1.00000e-02,    0.00000e+00,    4.64374e+04,    0.00000e+00,    4.19955e+02,    0.00000e+00,    7.57184e+01,    0.00000e+00,    4.40407e+02,    0.00000e+00,    1.40462e+02,    0.00000e+00,    3.35237e+01,    0.00000e+00,    3.75236e+01,    0.00000e+00,    1.20885e+01,    0.00000e+00,    1.09259e+01,    0.00000e+00,              3,              0,       1 meters
  12/31/2001 19:02:26.601,    7.22702e+01,    0.00000e+00,    7.22702e+01,    0.00000e+00,   -1.00000e-02,    0.00000e+00,    4.62217e+04,    0.00000e+00,    4.20223e+02,    0.00000e+00,    7.57725e+01,    0.00000e+00,    4.40587e+02,    0.00000e+00,    1.40430e+02,    0.00000e+00,    3.35252e+01,    0.00000e+00,    3.75359e+01,    0.00000e+00,    1.20874e+01,    0.00000e+00,    1.09256e+01,    0.00000e+00,              3,              0,       1 meters
  12/31/2001 19:02:27.596,    7.23894e+01,    0.00000e+00,    7.23894e+01,    0.00000e+00,   -1.00000e-02,    0.00000e+00,    4.64971e+04,    0.00000e+00,    4.20420e+02,    0.00000e+00,    7.59195e+01,    0.00000e+00,    4.40922e+02,    0.00000e+00,    1.40360e+02,    0.00000e+00,    3.35265e+01,    0.00000e+00,    3.75376e+01,    0.00000e+00,    1.20837e+01,    0.00000e+00,    1.09252e+01,    0.00000e+00,              3,              0,       1 meters
  12/31/2001 19:02:28.591,    7.22883e+01,    0.00000e+00,    7.22883e+01,    0.00000e+00,   -1.00000e-02,    0.00000e+00,    4.61662e+04,    0.00000e+00,    4.20514e+02,    0.00000e+00,    7.57871e+01,    0.00000e+00,    4.40868e+02,    0.00000e+00,    1.40385e+02,    0.00000e+00,    3.35273e+01,    0.00000e+00,    3.75334e+01,    0.00000e+00,    1.20913e+01,    0.00000e+00,    1.09236e+01,    0.00000e+00,              3,              0,       1 meters
  12/31/2001 19:02:29.586,    7.22872e+01,    0.00000e+00,    7.22872e+01,    0.00000e+00,   -1.00000e-02,    0.00000e+00,    4.64745e+04,    0.00000e+00,    4.20126e+02,    0.00000e+00,    7.58105e+01,    0.00000e+00,    4.40603e+02,    0.00000e+00,    1.40446e+02,    0.00000e+00,    3.35281e+01,    0.00000e+00,    3.75346e+01,    0.00000e+00,    1.20878e+01,    0.00000e+00,    1.09208e+01,    0.00000e+00,              3,              0,       1 meters
  12/31/2001 19:02:30.582,    7.22236e+01,    0.00000e+00,    7.22236e+01,    0.00000e+00,   -1.00000e-02,    0.00000e+00,    4.63842e+04,    0.00000e+00,    4.19705e+02,    0.00000e+00,    7.57366e+01,    0.00000e+00,    4.40119e+02,    0.00000e+00,    1.40452e+02,    0.00000e+00,    3.35290e+01,    0.00000e+00,    3.75377e+01,    0.00000e+00,    1.20955e+01,    0.00000e+00,    1.09291e+01,    0.00000e+00,              3,              0,       1 meters
  12/31/2001 19:02:31.577,    7.23562e+01,    0.00000e+00,    7.23562e+01,    0.00000e+00,   -1.00000e-02,    0.00000e+00,    4.63579e+04,    0.00000e+00,    4.20549e+02,    0.00000e+00,    7.58736e+01,    0.00000e+00,    4.40993e+02,    0.00000e+00,    1.40365e+02,    0.00000e+00,    3.35308e+01,    0.00000e+00,    3.75451e+01,    0.00000e+00,    1.20901e+01,    0.00000e+00,    1.09238e+01,    0.00000e+00,              3,              0,       1 meters
  12/31/2001 19:02:32.573,    7.23690e+01,    0.00000e+00,    7.23690e+01,    0.00000e+00,   -1.00000e-02,    0.00000e+00,    4.63583e+04,    0.00000e+00,    4.20348e+02,    0.00000e+00,    7.58870e+01,    0.00000e+00,    4.40782e+02,    0.00000e+00,    1.40370e+02,    0.00000e+00,    3.35318e+01,    0.00000e+00,    3.75445e+01,    0.00000e+00,    1.20887e+01,    0.00000e+00,    1.09253e+01,    0.00000e+00,              3,              0,       1 meters
  12/31/2001 19:02:33.568,    7.23830e+01,    0.00000e+00,    7.23830e+01,    0.00000e+00,   -1.00000e-02,    0.00000e+00,    4.66520e+04,    0.00000e+00,    4.20359e+02,    0.00000e+00,    7.59250e+01,    0.00000e+00,    4.40929e+02,    0.00000e+00,    1.40434e+02,    0.00000e+00,    3.35323e+01,    0.00000e+00,    3.75373e+01,    0.00000e+00,    1.20939e+01,    0.00000e+00,    1.09281e+01,    0.00000e+00,              3,              0,       1 meters
  12/31/2001 19:02:34.576,    7.23540e+01,    0.00000e+00,    7.23540e+01,    0.00000e+00,   -1.00000e-02,    0.00000e+00,    4.66447e+04,    0.00000e+00,    4.20544e+02,    0.00000e+00,    7.58940e+01,    0.00000e+00,    4.41120e+02,    0.00000e+00,    1.40466e+02,    0.00000e+00,    3.35333e+01,    0.00000e+00,    3.75400e+01,    0.00000e+00,    1.20935e+01,    0.00000e+00,    1.09236e+01,    0.00000e+00,              3,              0,       1 meters
  12/31/2001 19:02:35.572,    7.23281e+01,    0.00000e+00,    7.23281e+01,    0.00000e+00,   -1.00000e-02,    0.00000e+00,    4.64148e+04,    0.00000e+00,    4.20963e+02,    0.00000e+00,    7.58486e+01,    0.00000e+00,    4.41453e+02,    0.00000e+00,    1.40403e+02,    0.00000e+00,    3.35350e+01,    0.00000e+00,    3.75577e+01,    0.00000e+00,    1.20920e+01,    0.00000e+00,    1.09228e+01,    0.00000e+00,              3,              0,       1 meters
  12/31/2001 19:02:36.567,    7.24797e+01,    0.00000e+00,    7.24797e+01,    0.00000e+00,   -1.00000e-02,    0.00000e+00,    4.64896e+04,    0.00000e+00,    4.20881e+02,    0.00000e+00,    7.60135e+01,    0.00000e+00,    4.41401e+02,    0.00000e+00,    1.40360e+02,    0.00000e+00,    3.35360e+01,    0.00000e+00,    3.75549e+01,    0.00000e+00,    1.20850e+01,    0.00000e+00,    1.09290e+01,    0.00000e+00,              3,              0,       1 meters
  12/31/2001 19:02:37.563,    7.24268e+01,    0.00000e+00,    7.24268e+01,    0.00000e+00,   -1.00000e-02,    0.00000e+00,    4.63746e+04,    0.00000e+00,    4.20880e+02,    0.00000e+00,    7.59489e+01,    0.00000e+00,    4.41347e+02,    0.00000e+00,    1.40413e+02,    0.00000e+00,    3.35367e+01,    0.00000e+00,    3.75471e+01,    0.00000e+00,    1.20937e+01,    0.00000e+00,    1.09282e+01,    0.00000e+00,              3,              0,       1 meters
  12/31/2001 19:02:38.558,    7.24656e+01,    0.00000e+00,    7.24656e+01,    0.00000e+00,   -1.00000e-02,    0.00000e+00,    4.67465e+04,    0.00000e+00,    4.20504e+02,    0.00000e+00,    7.60192e+01,    0.00000e+00,    4.41125e+02,    0.00000e+00,    1.40464e+02,    0.00000e+00,    3.35374e+01,    0.00000e+00,    3.75485e+01,    0.00000e+00,    1.20900e+01,    0.00000e+00,    1.09284e+01,    0.00000e+00,              3,              0,       1 meters
  12/31/2001 19:02:39.553,    7.24878e+01,    0.00000e+00,    7.24878e+01,    0.00000e+00,   -1.00000e-02,    0.00000e+00,    4.62926e+04,    0.00000e+00,    4.21251e+02,    0.00000e+00,    7.60064e+01,    0.00000e+00,    4.41699e+02,    0.00000e+00,    1.40385e+02,    0.00000e+00,    3.35391e+01,    0.00000e+00,    3.75601e+01,    0.00000e+00,    1.20918e+01,    0.00000e+00,    1.09250e+01,    0.00000e+00,              3,              0,       1 meters
  12/31/2001 19:02:40.549,    7.25716e+01,    0.00000e+00,    7.25716e+01,    0.00000e+00,   -1.00000e-02,    0.00000e+00,    4.63177e+04,    0.00000e+00,    4.21455e+02,    0.00000e+00,    7.60962e+01,    0.00000e+00,    4.41924e+02,    0.00000e+00,    1.40361e+02,    0.00000e+00,    3.35401e+01,    0.00000e+00,    3.75630e+01,    0.00000e+00,    1.20907e+01,    0.00000e+00,    1.09217e+01,    0.00000e+00,              3,              0,       1 meters
  12/31/2001 19:02:41.543,    7.25845e+01,    0.00000e+00,    7.25845e+01,    0.00000e+00,   -1.00000e-02,    0.00000e+00,    4.65191e+04,    0.00000e+00,    4.21393e+02,    0.00000e+00,    7.61258e+01,    0.00000e+00,    4.41952e+02,    0.00000e+00,    1.40390e+02,    0.00000e+00,    3.35409e+01,    0.00000e+00,    3.75593e+01,    0.00000e+00,    1.20940e+01,    0.00000e+00,    1.09269e+01,    0.00000e+00,              3,              0,       1 meters
  12/31/2001 19:02:42.539,    7.26414e+01,    0.00000e+00,    7.26414e+01,    0.00000e+00,   -1.00000e-02,    0.00000e+00,    4.65541e+04,    0.00000e+00,    4.20795e+02,    0.00000e+00,    7.61882e+01,    0.00000e+00,    4.41341e+02,    0.00000e+00,    1.40454e+02,    0.00000e+00,    3.35414e+01,    0.00000e+00,    3.75556e+01,    0.00000e+00,    1.20895e+01,    0.00000e+00,    1.09324e+01,    0.00000e+00,              3,              0,       1 meters
  12/31/2001 19:02:43.534,    7.26805e+01,    0.00000e+00,    7.26805e+01,    0.00000e+00,   -1.00000e-02,    0.00000e+00,    4.64678e+04,    0.00000e+00,    4.21431e+02,    0.00000e+00,    7.62224e+01,    0.00000e+00,    4.41968e+02,    0.00000e+00,    1.40400e+02,    0.00000e+00,    3.35431e+01,    0.00000e+00,    3.75660e+01,    0.00000e+00,    1.20905e+01,    0.00000e+00,    1.09238e+01,    0.00000e+00,              3,              0,       1 meters
  12/31/2001 19:02:44.529,    7.27057e+01,    0.00000e+00,    7.27057e+01,    0.00000e+00,   -1.00000e-02,    0.00000e+00,    4.65509e+04,    0.00000e+00,    4.21137e+02,    0.00000e+00,    7.62554e+01,    0.00000e+00,    4.41699e+02,    0.00000e+00,    1.40362e+02,    0.00000e+00,    3.35443e+01,    0.00000e+00,    3.75697e+01,    0.00000e+00,    1.20893e+01,    0.00000e+00,    1.09278e+01,    0.00000e+00,              3,              0,       1 meters
  12/31/2001 19:02:45.524,    7.28252e+01,    0.00000e+00,    7.28252e+01,    0.00000e+00,   -1.00000e-02,    0.00000e+00,    4.67080e+04,    0.00000e+00,    4.22100e+02,    0.00000e+00,    7.63934e+01,    0.00000e+00,    4.42782e+02,    0.00000e+00,    1.40377e+02,    0.00000e+00,    3.35453e+01,    0.00000e+00,    3.75641e+01,    0.00000e+00,    1.20874e+01,    0.00000e+00,    1.09268e+01,    0.00000e+00,              3,              0,       1 meters
  12/31/2001 19:02:46.520,    7.27802e+01,    0.00000e+00,    7.27802e+01,    0.00000e+00,   -1.00000e-02,    0.00000e+00,    4.69495e+04,    0.00000e+00,    4.22191e+02,    0.00000e+00,    7.63655e+01,    0.00000e+00,    4.42989e+02,    0.00000e+00,    1.40453e+02,    0.00000e+00,    3.35455e+01,    0.00000e+00,    3.75607e+01,    0.00000e+00,    1.20870e+01,    0.00000e+00,    1.09169e+01,    0.00000e+00,              3,              0,       1 meters
  12/31/2001 19:02:47.516,    7.27235e+01,    0.00000e+00,    7.27235e+01,    0.00000e+00,   -1.00000e-02,    0.00000e+00,    4.66160e+04,    0.00000e+00,    4.21666e+02,    0.00000e+00,    7.62793e+01,    0.00000e+00,    4.42283e+02,    0.00000e+00,    1.40416e+02,    0.00000e+00,    3.35470e+01,    0.00000e+00,    3.75733e+01,    0.00000e+00,    1.20917e+01,    0.00000e+00,    1.09311e+01,    0.00000e+00,              3,              0,       1 meters
  12/31/2001 19:02:48.510,    7.28244e+01,    0.00000e+00,    7.28244e+01,    0.00000e+00,   -1.00000e-02,    0.00000e+00,    4.64039e+04,    0.00000e+00,    4.21980e+02,    0.00000e+00,    7.63682e+01,    0.00000e+00,    4.42514e+02,    0.00000e+00,    1.40370e+02,    0.00000e+00,    3.35482e+01,    0.00000e+00,    3.75739e+01,    0.00000e+00,    1.20856e+01,    0.00000e+00,    1.09228e+01,    0.00000e+00,              3,              0,       1 meters
  12/31/2001 19:02:49.507,    7.28927e+01,    0.00000e+00,    7.28927e+01,    0.00000e+00,   -1.00000e-02,    0.00000e+00,    4.67010e+04,    0.00000e+00,    4.22018e+02,    0.00000e+00,    7.64636e+01,    0.00000e+00,    4.42693e+02,    0.00000e+00,    1.40362e+02,    0.00000e+00,    3.35493e+01,    0.00000e+00,    3.75738e+01,    0.00000e+00,    1.20870e+01,    0.00000e+00,    1.09268e+01,    0.00000e+00,              3,              0,       1 meters
  12/31/2001 19:02:50.502,    7.27729e+01,    0.00000e+00,    7.27729e+01,    0.00000e+00,   -1.00000e-02,    0.00000e+00,    4.69470e+04,    0.00000e+00,    4.22215e+02,    0.00000e+00,    7.63576e+01,    0.00000e+00,    4.43013e+02,    0.00000e+00,    1.40446e+02,    0.00000e+00,    3.35500e+01,    0.00000e+00,    3.75719e+01,    0.00000e+00,    1.20955e+01,    0.00000e+00,    1.09256e+01,    0.00000e+00,              3,              0,       1 meters
  12/31/2001 19:02:51.498,    7.28915e+01,    0.00000e+00,    7.28915e+01,    0.00000e+00,   -1.00000e-02,    0.00000e+00,    4.65152e+04,    0.00000e+00,    4.22776e+02,    0.00000e+00,    7.64475e+01,    0.00000e+00,    4.43401e+02,    0.00000e+00,    1.40426e+02,    0.00000e+00,    3.35512e+01,    0.00000e+00,    3.75787e+01,    0.00000e+00,    1.20848e+01,    0.00000e+00,    1.09208e+01,    0.00000e+00,              3,              0,       1 meters
  12/31/2001 19:02:52.492,    7.29505e+01,    0.00000e+00,    7.29505e+01,    0.00000e+00,   -1.00000e-02,    0.00000e+00,    4.65996e+04,    0.00000e+00,    4.22904e+02,    0.00000e+00,    7.65161e+01,    0.00000e+00,    4.43575e+02,    0.00000e+00,    1.40384e+02,    0.00000e+00,    3.35523e+01,    0.00000e+00,    3.75809e+01,    0.00000e+00,    1.20861e+01,    0.00000e+00,    1.09227e+01,    0.00000e+00,              3,              0,       1 meters
  12/31/2001 19:02:53.487,    7.29422e+01,    0.00000e+00,    7.29422e+01,    0.00000e+00,   -1.00000e-02,    0.00000e+00,    4.65321e+04,    0.00000e+00,    4.22201e+02,    0.00000e+00,    7.65020e+01,    0.00000e+00,    4.42806e+02,    0.00000e+00,    1.40357e+02,    0.00000e+00,    3.35536e+01,    0.00000e+00,    3.75859e+01,    0.00000e+00,    1.20931e+01,    0.00000e+00,    1.09282e+01,    0.00000e+00,              3,              0,       1 meters
  12/31/2001 19:02:54.482,    7.30176e+01,    0.00000e+00,    7.30176e+01,    0.00000e+00,   -1.00000e-02,    0.00000e+00,    4.67460e+04,    0.00000e+00,    4.22189e+02,    0.00000e+00,    7.65982e+01,    0.00000e+00,    4.42892e+02,    0.00000e+00,    1.40433e+02,    0.00000e+00,    3.35539e+01,    0.00000e+00,    3.75771e+01,    0.00000e+00,    1.20867e+01,    0.00000e+00,    1.09271e+01,    0.00000e+00,              3,              0,       1 meters
  12/31/2001 19:02:55.478,    7.29637e+01,    0.00000e+00,    7.29637e+01,    0.00000e+00,   -1.00000e-02,    0.00000e+00,    4.68045e+04,    0.00000e+00,    4.22661e+02,    0.00000e+00,    7.65465e+01,    0.00000e+00,    4.43414e+02,    0.00000e+00,    1.40445e+02,    0.00000e+00,    3.35550e+01,    0.00000e+00,    3.75828e+01,    0.00000e+00,    1.20904e+01,    0.00000e+00,    1.09263e+01,    0.00000e+00,              3,              0,       1 meters
  12/31/2001 19:02:56.473,    7.29689e+01,    0.00000e+00,    7.29689e+01,    0.00000e+00,   -1.00000e-02,    0.00000e+00,    4.65845e+04,    0.00000e+00,    4.22844e+02,    0.00000e+00,    7.65342e+01,    0.00000e+00,    4.43504e+02,    0.00000e+00,    1.40394e+02,    0.00000e+00,    3.35565e+01,    0.00000e+00,    3.75909e+01,    0.00000e+00,    1.20957e+01,    0.00000e+00,    1.09296e+01,    0.00000e+00,              3,              0,       1 meters
  12/31/2001 19:02:57.470,    7.31100e+01,    0.00000e+00,    7.31100e+01,    0.00000e+00,   -1.00000e-02,    0.00000e+00,    4.66325e+04,    0.00000e+00,    4.22890e+02,    0.00000e+00,    7.66860e+01,    0.00000e+00,    4.43575e+02,    0.00000e+00,    1.40361e+02,    0.00000e+00,    3.35573e+01,    0.00000e+00,    3.75899e+01,    0.00000e+00,    1.20946e+01,    0.00000e+00,    1.09237e+01,    0.00000e+00,              3,              0,       1 meters
  12/31/2001 19:02:58.465,    7.31055e+01,    0.00000e+00,    7.31055e+01,    0.00000e+00,   -1.00000e-02,    0.00000e+00,    4.67126e+04,    0.00000e+00,    4.22820e+02,    0.00000e+00,    7.66878e+01,    0.00000e+00,    4.43539e+02,    0.00000e+00,    1.40452e+02,    0.00000e+00,    3.35578e+01,    0.00000e+00,    3.75796e+01,    0.00000e+00,    1.20991e+01,    0.00000e+00,    1.09308e+01,    0.00000e+00,              3,              0,       1 meters
  12/31/2001 19:02:59.460,    7.31189e+01,    0.00000e+00,    7.31189e+01,    0.00000e+00,   -1.00000e-02,    0.00000e+00,    4.65259e+04,    0.00000e+00,    4.23310e+02,    0.00000e+00,    7.66868e+01,    0.00000e+00,    4.43966e+02,    0.00000e+00,    1.40461e+02,    0.00000e+00,    3.35589e+01,    0.00000e+00,    3.75868e+01,    0.00000e+00,    1.20965e+01,    0.00000e+00,    1.09277e+01,    0.00000e+00,              3,              0,       1 meters
  12/31/2001 19:03:00.455,    7.31150e+01,    0.00000e+00,    7.31150e+01,    0.00000e+00,   -1.00000e-02,    0.00000e+00,    4.66070e+04,    0.00000e+00,    4.22979e+02,    0.00000e+00,    7.66892e+01,    0.00000e+00,    4.43656e+02,    0.00000e+00,    1.40410e+02,    0.00000e+00,    3.35605e+01,    0.00000e+00,    3.75944e+01,    0.00000e+00,    1.20965e+01,    0.00000e+00,    1.09313e+01,    0.00000e+00,              3,              0,       1 meters
  12/31/2001 19:03:01.450,    7.32483e+01,    0.00000e+00,    7.32483e+01,    0.00000e+00,   -1.00000e-02,    0.00000e+00,    4.65361e+04,    0.00000e+00,    4.23461e+02,    0.00000e+00,    7.68234e+01,    0.00000e+00,    4.44129e+02,    0.00000e+00,    1.40367e+02,    0.00000e+00,    3.35612e+01,    0.00000e+00,    3.75956e+01,    0.00000e+00,    1.20961e+01,    0.00000e+00,    1.09335e+01,    0.00000e+00,              3,              0,       1 meters
  12/31/2001 19:03:02.447,    7.32608e+01,    0.00000e+00,    7.32608e+01,    0.00000e+00,   -1.00000e-02,    0.00000e+00,    4.63245e+04,    0.00000e+00,    4.22971e+02,    0.00000e+00,    7.68194e+01,    0.00000e+00,    4.43517e+02,    0.00000e+00,    1.40441e+02,    0.00000e+00,    3.35619e+01,    0.00000e+00,    3.75879e+01,    0.00000e+00,    1.20955e+01,    0.00000e+00,    1.09336e+01,    0.00000e+00,              3,              0,       1 meters
  12/31/2001 19:03:03.441,    7.33509e+01,    0.00000e+00,    7.33509e+01,    0.00000e+00,   -1.00000e-02,    0.00000e+00,    4.64372e+04,    0.00000e+00,    4.23317e+02,    0.00000e+00,    7.69230e+01,    0.00000e+00,    4.43932e+02,    0.00000e+00,    1.40464e+02,    0.00000e+00,    3.35628e+01,    0.00000e+00,    3.75919e+01,    0.00000e+00,    1.20946e+01,    0.00000e+00,    1.09345e+01,    0.00000e+00,              3,              0,       1 meters
  12/31/2001 19:03:04.436,    7.33737e+01,    0.00000e+00,    7.33737e+01,    0.00000e+00,   -1.00000e-02,    0.00000e+00,    4.62921e+04,    0.00000e+00,    4.23596e+02,    0.00000e+00,    7.69352e+01,    0.00000e+00,    4.44157e+02,    0.00000e+00,    1.40426e+02,    0.00000e+00,    3.35641e+01,    0.00000e+00,    3.76002e+01,    0.00000e+00,    1.20959e+01,    0.00000e+00,    1.09306e+01,    0.00000e+00,              3,              0,       1 meters
  12/31/2001 19:03:05.431,    7.34740e+01,    0.00000e+00,    7.34740e+01,    0.00000e+00,   -1.00000e-02,    0.00000e+00,    4.63207e+04,    0.00000e+00,    4.24001e+02,    0.00000e+00,    7.70427e+01,    0.00000e+00,    4.44595e+02,    0.00000e+00,    1.40353e+02,    0.00000e+00,    3.35655e+01,    0.00000e+00,    3.76062e+01,    0.00000e+00,    1.20942e+01,    0.00000e+00,    1.09283e+01,    0.00000e+00,              3,              0,       1 meters
  12/31/2001 19:03:06.429,    7.35299e+01,    0.00000e+00,    7.35299e+01,    0.00000e+00,   -1.00000e-02,    0.00000e+00,    4.63992e+04,    0.00000e+00,    4.23943e+02,    0.00000e+00,    7.71077e+01,    0.00000e+00,    4.44570e+02,    0.00000e+00,    1.40422e+02,    0.00000e+00,    3.35659e+01,    0.00000e+00,    3.75965e+01,    0.00000e+00,    1.20976e+01,    0.00000e+00,    1.09295e+01,    0.00000e+00,              3,              0,       1 meters
  12/31/2001 19:03:07.425,    7.35986e+01,    0.00000e+00,    7.35986e+01,    0.00000e+00,   -1.00000e-02,    0.00000e+00,    4.64036e+04,    0.00000e+00,    4.24296e+02,    0.00000e+00,    7.71800e+01,    0.00000e+00,    4.44943e+02,    0.00000e+00,    1.40466e+02,    0.00000e+00,    3.35667e+01,    0.00000e+00,    3.75980e+01,    0.00000e+00,    1.21000e+01,    0.00000e+00,    1.09282e+01,    0.00000e+00,              3,              0,       1 meters
  12/31/2001 19:03:08.420,    7.35734e+01,    0.00000e+00,    7.35734e+01,    0.00000e+00,   -1.00000e-02,    0.00000e+00,    4.62972e+04,    0.00000e+00,    4.24250e+02,    0.00000e+00,    7.71450e+01,    0.00000e+00,    4.44845e+02,    0.00000e+00,    1.40437e+02,    0.00000e+00,    3.35683e+01,    0.00000e+00,    3.76116e+01,    0.00000e+00,    1.20985e+01,    0.00000e+00,    1.09272e+01,    0.00000e+00,              3,              0,       1 meters
  12/31/2001 19:03:09.415,    7.38017e+01,    0.00000e+00,    7.38017e+01,    0.00000e+00,   -1.00000e-02,    0.00000e+00,    4.64444e+04,    0.00000e+00,    4.23984e+02,    0.00000e+00,    7.73963e+01,    0.00000e+00,    4.44635e+02,    0.00000e+00,    1.40359e+02,    0.00000e+00,    3.35697e+01,    0.00000e+00,    3.76185e+01,    0.00000e+00,    1.20957e+01,    0.00000e+00,    1.09348e+01,    0.00000e+00,              3,              0,       1 meters
  12/31/2001 19:03:10.411,    7.38771e+01,    0.00000e+00,    7.38771e+01,    0.00000e+00,   -1.00000e-02,    0.00000e+00,    4.64737e+04,    0.00000e+00,    4.24335e+02,    0.00000e+00,    7.74778e+01,    0.00000e+00,    4.45016e+02,    0.00000e+00,    1.40402e+02,    0.00000e+00,    3.35700e+01,    0.00000e+00,    3.76074e+01,    0.00000e+00,    1.20961e+01,    0.00000e+00,    1.09340e+01,    0.00000e+00,              3,              0,       1 meters
  12/31/2001 19:03:11.407,    7.38443e+01,    0.00000e+00,    7.38443e+01,    0.00000e+00,   -1.00000e-02,    0.00000e+00,    4.64663e+04,    0.00000e+00,    4.24979e+02,    0.00000e+00,    7.74428e+01,    0.00000e+00,    4.45689e+02,    0.00000e+00,    1.40460e+02,    0.00000e+00,    3.35707e+01,    0.00000e+00,    3.76102e+01,    0.00000e+00,    1.20987e+01,    0.00000e+00,    1.09303e+01,    0.00000e+00,              3,              0,       1 meters
  12/31/2001 19:03:12.403,    7.38568e+01,    0.00000e+00,    7.38568e+01,    0.00000e+00,   -1.00000e-02,    0.00000e+00,    4.64324e+04,    0.00000e+00,    4.24825e+02,    0.00000e+00,    7.74531e+01,    0.00000e+00,    4.45511e+02,    0.00000e+00,    1.40454e+02,    0.00000e+00,    3.35722e+01,    0.00000e+00,    3.76174e+01,    0.00000e+00,    1.20955e+01,    0.00000e+00,    1.09310e+01,    0.00000e+00,              3,              0,       1 meters
  12/31/2001 19:03:13.398,    7.40220e+01,    0.00000e+00,    7.40220e+01,    0.00000e+00,   -1.00000e-02,    0.00000e+00,    4.65048e+04,    0.00000e+00,    4.25076e+02,    0.00000e+00,    7.76323e+01,    0.00000e+00,    4.45808e+02,    0.00000e+00,    1.40363e+02,    0.00000e+00,    3.35734e+01,    0.00000e+00,    3.76249e+01,    0.00000e+00,    1.20947e+01,    0.00000e+00,    1.09277e+01,    0.00000e+00,              3,              0,       1 meters
  12/31/2001 19:03:14.392,    7.41065e+01,    0.00000e+00,    7.41065e+01,    0.00000e+00,   -1.00000e-02,    0.00000e+00,    4.66148e+04,    0.00000e+00,    4.25082e+02,    0.00000e+00,    7.77298e+01,    0.00000e+00,    4.45866e+02,    0.00000e+00,    1.40388e+02,    0.00000e+00,    3.35743e+01,    0.00000e+00,    3.76205e+01,    0.00000e+00,    1.20925e+01,    0.00000e+00,    1.09289e+01,    0.00000e+00,              3,              0,       1 meters
  12/31/2001 19:03:15.387,    7.40351e+01,    0.00000e+00,    7.40351e+01,    0.00000e+00,   -1.00000e-02,    0.00000e+00,    4.64907e+04,    0.00000e+00,    4.25055e+02,    0.00000e+00,    7.76449e+01,    0.00000e+00,    4.45780e+02,    0.00000e+00,    1.40446e+02,    0.00000e+00,    3.35749e+01,    0.00000e+00,    3.76191e+01,    0.00000e+00,    1.20951e+01,    0.00000e+00,    1.09312e+01,    0.00000e+00,              3,              0,       1 meters
  12/31/2001 19:03:16.382,    7.40777e+01,    0.00000e+00,    7.40777e+01,    0.00000e+00,   -1.00000e-02,    0.00000e+00,    4.65057e+04,    0.00000e+00,    4.25055e+02,    0.00000e+00,    7.76907e+01,    0.00000e+00,    4.45787e+02,    0.00000e+00,    1.40464e+02,    0.00000e+00,    3.35754e+01,    0.00000e+00,    3.76223e+01,    0.00000e+00,    1.20995e+01,    0.00000e+00,    1.09301e+01,    0.00000e+00,              3,              0,       1 meters
  12/31/2001 19:03:17.377,    7.41532e+01,    0.00000e+00,    7.41532e+01,    0.00000e+00,   -1.00000e-02,    0.00000e+00,    4.65291e+04,    0.00000e+00,    4.25342e+02,    0.00000e+00,    7.77719e+01,    0.00000e+00,    4.46099e+02,    0.00000e+00,    1.40380e+02,    0.00000e+00,    3.35775e+01,    0.00000e+00,    3.76348e+01,    0.00000e+00,    1.20983e+01,    0.00000e+00,    1.09348e+01,    0.00000e+00,              3,              0,       1 meters
  12/31/2001 19:03:18.373,    7.42470e+01,    0.00000e+00,    7.42470e+01,    0.00000e+00,   -1.00000e-02,    0.00000e+00,    4.67602e+04,    0.00000e+00,    4.25958e+02,    0.00000e+00,    7.78891e+01,    0.00000e+00,    4.46853e+02,    0.00000e+00,    1.40369e+02,    0.00000e+00,    3.35783e+01,    0.00000e+00,    3.76320e+01,    0.00000e+00,    1.20988e+01,    0.00000e+00,    1.09252e+01,    0.00000e+00,              3,              0,       1 meters
  12/31/2001 19:03:19.368,    7.42811e+01,    0.00000e+00,    7.42811e+01,    0.00000e+00,   -1.00000e-02,    0.00000e+00,    4.67834e+04,    0.00000e+00,    4.25909e+02,    0.00000e+00,    7.79268e+01,    0.00000e+00,    4.46812e+02,    0.00000e+00,    1.40434e+02,    0.00000e+00,    3.35785e+01,    0.00000e+00,    3.76256e+01,    0.00000e+00,    1.20947e+01,    0.00000e+00,    1.09328e+01,    0.00000e+00,              3,              0,       1 meters
  12/31/2001 19:03:20.363,    7.43508e+01,    0.00000e+00,    7.43508e+01,    0.00000e+00,   -1.00000e-02,    0.00000e+00,    4.67320e+04,    0.00000e+00,    4.25780e+02,    0.00000e+00,    7.79957e+01,    0.00000e+00,    4.46653e+02,    0.00000e+00,    1.40464e+02,    0.00000e+00,    3.35796e+01,    0.00000e+00,    3.76323e+01,    0.00000e+00,    1.20907e+01,    0.00000e+00,    1.09334e+01,    0.00000e+00,              3,              0,       1 meters
  12/31/2001 19:03:21.359,    7.44596e+01,    0.00000e+00,    7.44596e+01,    0.00000e+00,   -1.00000e-02,    0.00000e+00,    4.69030e+04,    0.00000e+00,    4.25736e+02,    0.00000e+00,    7.81239e+01,    0.00000e+00,    4.46687e+02,    0.00000e+00,    1.40374e+02,    0.00000e+00,    3.35811e+01,    0.00000e+00,    3.76418e+01,    0.00000e+00,    1.20922e+01,    0.00000e+00,    1.09352e+01,    0.00000e+00,              3,              0,       1 meters
  12/31/2001 19:03:22.353,    7.45030e+01,    0.00000e+00,    7.45030e+01,    0.00000e+00,   -1.00000e-02,    0.00000e+00,    4.68895e+04,    0.00000e+00,    4.25748e+02,    0.00000e+00,    7.81682e+01,    0.00000e+00,    4.46693e+02,    0.00000e+00,    1.40359e+02,    0.00000e+00,    3.35821e+01,    0.00000e+00,    3.76425e+01,    0.00000e+00,    1.20952e+01,    0.00000e+00,    1.09331e+01,    0.00000e+00,              3,              0,       1 meters
  12/31/2001 19:03:23.348,    7.46054e+01,    0.00000e+00,    7.46054e+01,    0.00000e+00,   -1.00000e-02,    0.00000e+00,    4.70550e+04,    0.00000e+00,    4.26378e+02,    0.00000e+00,    7.82893e+01,    0.00000e+00,    4.47431e+02,    0.00000e+00,    1.40413e+02,    0.00000e+00,    3.35827e+01,    0.00000e+00,    3.76397e+01,    0.00000e+00,    1.20922e+01,    0.00000e+00,    1.09302e+01,    0.00000e+00,              3,              0,       1 meters
  12/31/2001 19:03:24.345,    7.46122e+01,    0.00000e+00,    7.46122e+01,    0.00000e+00,   -1.00000e-02,    0.00000e+00,    4.69092e+04,    0.00000e+00,    4.26351e+02,    0.00000e+00,    7.82844e+01,    0.00000e+00,    4.47335e+02,    0.00000e+00,    1.40465e+02,    0.00000e+00,    3.35835e+01,    0.00000e+00,    3.76435e+01,    0.00000e+00,    1.20969e+01,    0.00000e+00,    1.09330e+01,    0.00000e+00,              3,              0,       1 meters
  12/31/2001 19:03:25.340,    7.46558e+01,    0.00000e+00,    7.46558e+01,    0.00000e+00,   -1.00000e-02,    0.00000e+00,    4.71384e+04,    0.00000e+00,    4.26670e+02,    0.00000e+00,    7.83490e+01,    0.00000e+00,    4.47777e+02,    0.00000e+00,    1.40383e+02,    0.00000e+00,    3.35852e+01,    0.00000e+00,    3.76534e+01,    0.00000e+00,    1.20996e+01,    0.00000e+00,    1.09302e+01,    0.00000e+00,              3,              0,       1 meters
  12/31/2001 19:03:26.336,    7.47825e+01,    0.00000e+00,    7.47825e+01,    0.00000e+00,   -1.00000e-02,    0.00000e+00,    4.71974e+04,    0.00000e+00,    4.27442e+02,    0.00000e+00,    7.84868e+01,    0.00000e+00,    4.48615e+02,    0.00000e+00,    1.40359e+02,    0.00000e+00,    3.35861e+01,    0.00000e+00,    3.76593e+01,    0.00000e+00,    1.20960e+01,    0.00000e+00,    1.09281e+01,    0.00000e+00,              3,              0,       1 meters
  12/31/2001 19:03:27.331,    7.48439e+01,    0.00000e+00,    7.48439e+01,    0.00000e+00,   -1.00000e-02,    0.00000e+00,    4.71928e+04,    0.00000e+00,    4.27083e+02,    0.00000e+00,    7.85510e+01,    0.00000e+00,    4.48237e+02,    0.00000e+00,    1.40393e+02,    0.00000e+00,    3.35867e+01,    0.00000e+00,    3.76539e+01,    0.00000e+00,    1.21007e+01,    0.00000e+00,    1.09352e+01,    0.00000e+00,              3,              0,       1 meters
  12/31/2001 19:03:28.326,    7.49488e+01,    0.00000e+00,    7.49488e+01,    0.00000e+00,   -1.00000e-02,    0.00000e+00,    4.73730e+04,    0.00000e+00,    4.27604e+02,    0.00000e+00,    7.86760e+01,    0.00000e+00,    4.48869e+02,    0.00000e+00,    1.40461e+02,    0.00000e+00,    3.35875e+01,    0.00000e+00,    3.76530e+01,    0.00000e+00,    1.20962e+01,    0.00000e+00,    1.09308e+01,    0.00000e+00,              3,              0,       1 meters
  12/31/2001 19:03:29.321,    7.49791e+01,    0.00000e+00,    7.49791e+01,    0.00000e+00,   -1.00000e-02,    0.00000e+00,    4.74024e+04,    0.00000e+00,    4.27909e+02,    0.00000e+00,    7.87102e+01,    0.00000e+00,    4.49202e+02,    0.00000e+00,    1.40397e+02,    0.00000e+00,    3.35896e+01,    0.00000e+00,    3.76637e+01,    0.00000e+00,    1.20960e+01,    0.00000e+00,    1.09275e+01,    0.00000e+00,              3,              0,       1 meters
  12/31/2001 19:03:30.315,    7.50900e+01,    0.00000e+00,    7.50900e+01,    0.00000e+00,   -1.00000e-02,    0.00000e+00,    4.75675e+04,    0.00000e+00,    4.27907e+02,    0.00000e+00,    7.88402e+01,    0.00000e+00,    4.49278e+02,    0.00000e+00,    1.40359e+02,    0.00000e+00,    3.35899e+01,    0.00000e+00,    3.76679e+01,    0.00000e+00,    1.20988e+01,    0.00000e+00,    1.09345e+01,    0.00000e+00,              3,              0,       1 meters
  12/31/2001 19:03:31.310,    7.51572e+01,    0.00000e+00,    7.51572e+01,    0.00000e+00,   -1.00000e-02,    0.00000e+00,    4.75918e+04,    0.00000e+00,    4.28127e+02,    0.00000e+00,    7.89128e+01,    0.00000e+00,    4.49520e+02,    0.00000e+00,    1.40378e+02,    0.00000e+00,    3.35910e+01,    0.00000e+00,    3.76620e+01,    0.00000e+00,    1.20988e+01,    0.00000e+00,    1.09347e+01,    0.00000e+00,              3,              0,       1 meters
  12/31/2001 19:03:32.307,    7.52286e+01,    0.00000e+00,    7.52286e+01,    0.00000e+00,   -1.00000e-02,    0.00000e+00,    4.76239e+04,    0.00000e+00,    4.28384e+02,    0.00000e+00,    7.89904e+01,    0.00000e+00,    4.49806e+02,    0.00000e+00,    1.40454e+02,    0.00000e+00,    3.35916e+01,    0.00000e+00,    3.76637e+01,    0.00000e+00,    1.20963e+01,    0.00000e+00,    1.09330e+01,    0.00000e+00,              3,              0,       1 meters
  12/31/2001 19:03:33.303,    7.53156e+01,    0.00000e+00,    7.53156e+01,    0.00000e+00,   -1.00000e-02,    0.00000e+00,    4.75546e+04,    0.00000e+00,    4.29251e+02,    0.00000e+00,    7.90761e+01,    0.00000e+00,    4.50683e+02,    0.00000e+00,    1.40410e+02,    0.00000e+00,    3.35930e+01,    0.00000e+00,    3.76734e+01,    0.00000e+00,    1.20957e+01,    0.00000e+00,    1.09327e+01,    0.00000e+00,              3,              0,       1 meters
  12/31/2001 19:03:34.298,    7.53563e+01,    0.00000e+00,    7.53563e+01,    0.00000e+00,   -1.00000e-02,    0.00000e+00,    4.76258e+04,    0.00000e+00,    4.28949e+02,    0.00000e+00,    7.91246e+01,    0.00000e+00,    4.50400e+02,    0.00000e+00,    1.40368e+02,    0.00000e+00,    3.35939e+01,    0.00000e+00,    3.76747e+01,    0.00000e+00,    1.20986e+01,    0.00000e+00,    1.09315e+01,    0.00000e+00,              3,              0,       1 meters
  12/31/2001 19:03:35.294,    7.55643e+01,    0.00000e+00,    7.55643e+01,    0.00000e+00,   -1.00000e-02,    0.00000e+00,    4.78625e+04,    0.00000e+00,    4.29793e+02,    0.00000e+00,    7.93628e+01,    0.00000e+00,    4.51398e+02,    0.00000e+00,    1.40363e+02,    0.00000e+00,    3.35952e+01,    0.00000e+00,    3.76767e+01,    0.00000e+00,    1.20935e+01,    0.00000e+00,    1.09290e+01,    0.00000e+00,              3,              0,       1 meters
  12/31/2001 19:03:36.288,    7.55189e+01,    0.00000e+00,    7.55189e+01,    0.00000e+00,   -1.00000e-02,    0.00000e+00,    4.79999e+04,    0.00000e+00,    4.29760e+02,    0.00000e+00,    7.93266e+01,    0.00000e+00,    4.51429e+02,    0.00000e+00,    1.40449e+02,    0.00000e+00,    3.35957e+01,    0.00000e+00,    3.76734e+01,    0.00000e+00,    1.20994e+01,    0.00000e+00,    1.09368e+01,    0.00000e+00,              3,              0,       1 meters
  12/31/2001 19:03:37.284,    7.55199e+01,    0.00000e+00,    7.55199e+01,    0.00000e+00,   -1.00000e-02,    0.00000e+00,    4.78638e+04,    0.00000e+00,    4.30096e+02,    0.00000e+00,    7.93163e+01,    0.00000e+00,    4.51716e+02,    0.00000e+00,    1.40420e+02,    0.00000e+00,    3.35969e+01,    0.00000e+00,    3.76822e+01,    0.00000e+00,    1.21004e+01,    0.00000e+00,    1.09299e+01,    0.00000e+00,              3,              0,       1 meters
  12/31/2001 19:03:38.279,    7.56782e+01,    0.00000e+00,    7.56782e+01,    0.00000e+00,   -1.00000e-02,    0.00000e+00,    4.80838e+04,    0.00000e+00,    4.30034e+02,    0.00000e+00,    7.95009e+01,    0.00000e+00,    4.51756e+02,    0.00000e+00,    1.40375e+02,    0.00000e+00,    3.35983e+01,    0.00000e+00,    3.76880e+01,    0.00000e+00,    1.20981e+01,    0.00000e+00,    1.09365e+01,    0.00000e+00,              3,              0,       1 meters
  12/31/2001 19:03:39.274,    7.58351e+01,    0.00000e+00,    7.58351e+01,    0.00000e+00,   -1.00000e-02,    0.00000e+00,    4.82315e+04,    0.00000e+00,    4.30459e+02,    0.00000e+00,    7.96781e+01,    0.00000e+00,    4.52273e+02,    0.00000e+00,    1.40359e+02,    0.00000e+00,    3.35991e+01,    0.00000e+00,    3.76883e+01,    0.00000e+00,    1.20928e+01,    0.00000e+00,    1.09321e+01,    0.00000e+00,              3,              0,       1 meters
  12/31/2001 19:03:40.270,    7.58525e+01,    0.00000e+00,    7.58525e+01,    0.00000e+00,   -1.00000e-02,    0.00000e+00,    4.82802e+04,    0.00000e+00,    4.31193e+02,    0.00000e+00,    7.97005e+01,    0.00000e+00,    4.53067e+02,    0.00000e+00,    1.40465e+02,    0.00000e+00,    3.35993e+01,    0.00000e+00,    3.76807e+01,    0.00000e+00,    1.20978e+01,    0.00000e+00,    1.09281e+01,    0.00000e+00,              3,              0,       1 meters
  12/31/2001 19:03:41.265,    7.58650e+01,    0.00000e+00,    7.58650e+01,    0.00000e+00,   -1.00000e-02,    0.00000e+00,    4.82617e+04,    0.00000e+00,    4.31041e+02,    0.00000e+00,    7.97121e+01,    0.00000e+00,    4.52898e+02,    0.00000e+00,    1.40437e+02,    0.00000e+00,    3.36009e+01,    0.00000e+00,    3.76948e+01,    0.00000e+00,    1.20992e+01,    0.00000e+00,    1.09335e+01,    0.00000e+00,              3,              0,       1 meters
  12/31/2001 19:03:42.260,    7.60434e+01,    0.00000e+00,    7.60434e+01,    0.00000e+00,   -1.00000e-02,    0.00000e+00,    4.85017e+04,    0.00000e+00,    4.32166e+02,    0.00000e+00,    7.99197e+01,    0.00000e+00,    4.54195e+02,    0.00000e+00,    1.40385e+02,    0.00000e+00,    3.36020e+01,    0.00000e+00,    3.76973e+01,    0.00000e+00,    1.20909e+01,    0.00000e+00,    1.09311e+01,    0.00000e+00,              3,              0,       1 meters
  12/31/2001 19:03:43.256,    7.61034e+01,    0.00000e+00,    7.61034e+01,    0.00000e+00,   -1.00000e-02,    0.00000e+00,    4.84762e+04,    0.00000e+00,    4.32288e+02,    0.00000e+00,    7.99805e+01,    0.00000e+00,    4.54312e+02,    0.00000e+00,    1.40381e+02,    0.00000e+00,    3.36029e+01,    0.00000e+00,    3.76933e+01,    0.00000e+00,    1.20958e+01,    0.00000e+00,    1.09298e+01,    0.00000e+00,              3,              0,       1 meters
  12/31/2001 19:03:44.251,    7.61423e+01,    0.00000e+00,    7.61423e+01,    0.00000e+00,   -1.00000e-02,    0.00000e+00,    4.85018e+04,    0.00000e+00,    4.32573e+02,    0.00000e+00,    8.00236e+01,    0.00000e+00,    4.54624e+02,    0.00000e+00,    1.40462e+02,    0.00000e+00,    3.36036e+01,    0.00000e+00,    3.76934e+01,    0.00000e+00,    1.20929e+01,    0.00000e+00,    1.09271e+01,    0.00000e+00,              3,              0,       1 meters
  12/31/2001 19:03:45.250,    7.61792e+01,    0.00000e+00,    7.61792e+01,    0.00000e+00,   -1.00000e-02,    0.00000e+00,    4.87251e+04,    0.00000e+00,    4.33408e+02,    0.00000e+00,    8.00812e+01,    0.00000e+00,    4.55607e+02,    0.00000e+00,    1.40446e+02,    0.00000e+00,    3.36046e+01,    0.00000e+00,    3.77030e+01,    0.00000e+00,    1.20956e+01,    0.00000e+00,    1.09226e+01,    0.00000e+00,              3,              0,       1 meters
  12/31/2001 19:03:46.245,    7.62233e+01,    0.00000e+00,    7.62233e+01,    0.00000e+00,   -1.00000e-02,    0.00000e+00,    4.86432e+04,    0.00000e+00,    4.33621e+02,    0.00000e+00,    8.01206e+01,    0.00000e+00,    4.55792e+02,    0.00000e+00,    1.40399e+02,    0.00000e+00,    3.36062e+01,    0.00000e+00,    3.77085e+01,    0.00000e+00,    1.20912e+01,    0.00000e+00,    1.09277e+01,    0.00000e+00,              3,              0,       1 meters
  12/31/2001 19:03:47.239,    7.63682e+01,    0.00000e+00,    7.63682e+01,    0.00000e+00,   -1.00000e-02,    0.00000e+00,    4.86780e+04,    0.00000e+00,    4.33441e+02,    0.00000e+00,    8.02758e+01,    0.00000e+00,    4.55620e+02,    0.00000e+00,    1.40360e+02,    0.00000e+00,    3.36074e+01,    0.00000e+00,    3.77113e+01,    0.00000e+00,    1.20971e+01,    0.00000e+00,    1.09312e+01,    0.00000e+00,              3,              0,       1 meters
  12/31/2001 19:03:48.233,    7.63709e+01,    0.00000e+00,    7.63709e+01,    0.00000e+00,   -1.00000e-02,    0.00000e+00,    4.87356e+04,    0.00000e+00,    4.34403e+02,    0.00000e+00,    8.02836e+01,    0.00000e+00,    4.56659e+02,    0.00000e+00,    1.40451e+02,    0.00000e+00,    3.36079e+01,    0.00000e+00,    3.77020e+01,    0.00000e+00,    1.20985e+01,    0.00000e+00,    1.09282e+01,    0.00000e+00,              3,              0,       1 meters
  12/31/2001 19:03:49.228,    7.65015e+01,    0.00000e+00,    7.65015e+01,    0.00000e+00,   -1.00000e-02,    0.00000e+00,    4.87952e+04,    0.00000e+00,    4.34966e+02,    0.00000e+00,    8.04259e+01,    0.00000e+00,    4.57279e+02,    0.00000e+00,    1.40459e+02,    0.00000e+00,    3.36084e+01,    0.00000e+00,    3.77070e+01,    0.00000e+00,    1.20964e+01,    0.00000e+00,    1.09290e+01,    0.00000e+00,              3,              0,       1 meters
  12/31/2001 19:03:50.223,    7.65307e+01,    0.00000e+00,    7.65307e+01,    0.00000e+00,   -1.00000e-02,    0.00000e+00,    4.87617e+04,    0.00000e+00,    4.35560e+02,    0.00000e+00,    8.04537e+01,    0.00000e+00,    4.57888e+02,    0.00000e+00,    1.40411e+02,    0.00000e+00,    3.36103e+01,    0.00000e+00,    3.77202e+01,    0.00000e+00,    1.20963e+01,    0.00000e+00,    1.09311e+01,    0.00000e+00,              3,              0,       1 meters
  12/31/2001 19:03:51.219,    7.66639e+01,    0.00000e+00,    7.66639e+01,    0.00000e+00,   -1.00000e-02,    0.00000e+00,    4.88455e+04,    0.00000e+00,    4.35356e+02,    0.00000e+00,    8.06009e+01,    0.00000e+00,    4.57713e+02,    0.00000e+00,    1.40360e+02,    0.00000e+00,    3.36113e+01,    0.00000e+00,    3.77189e+01,    0.00000e+00,    1.20956e+01,    0.00000e+00,    1.09341e+01,    0.00000e+00,              3,              0,       1 meters
  12/31/2001 19:03:52.214,    7.66994e+01,    0.00000e+00,    7.66994e+01,    0.00000e+00,   -1.00000e-02,    0.00000e+00,    4.89526e+04,    0.00000e+00,    4.36335e+02,    0.00000e+00,    8.06473e+01,    0.00000e+00,    4.58794e+02,    0.00000e+00,    1.40436e+02,    0.00000e+00,    3.36116e+01,    0.00000e+00,    3.77130e+01,    0.00000e+00,    1.20983e+01,    0.00000e+00,    1.09337e+01,    0.00000e+00,              3,              0,       1 meters
  12/31/2001 19:03:53.211,    7.68050e+01,    0.00000e+00,    7.68050e+01,    0.00000e+00,   -1.00000e-02,    0.00000e+00,    4.89460e+04,    0.00000e+00,    4.36963e+02,    0.00000e+00,    8.07577e+01,    0.00000e+00,    4.59452e+02,    0.00000e+00,    1.40466e+02,    0.00000e+00,    3.36126e+01,    0.00000e+00,    3.77200e+01,    0.00000e+00,    1.20952e+01,    0.00000e+00,    1.09328e+01,    0.00000e+00,              3,              0,       1 meters
  12/31/2001 19:03:54.207,    7.68599e+01,    0.00000e+00,    7.68599e+01,    0.00000e+00,   -1.00000e-02,    0.00000e+00,    4.90892e+04,    0.00000e+00,    4.37027e+02,    0.00000e+00,    8.08276e+01,    0.00000e+00,    4.59588e+02,    0.00000e+00,    1.40424e+02,    0.00000e+00,    3.36142e+01,    0.00000e+00,    3.77288e+01,    0.00000e+00,    1.20958e+01,    0.00000e+00,    1.09313e+01,    0.00000e+00,              3,              0,       1 meters
  12/31/2001 19:03:55.200,    7.69947e+01,    0.00000e+00,    7.69947e+01,    0.00000e+00,   -1.00000e-02,    0.00000e+00,    4.90020e+04,    0.00000e+00,    4.37630e+02,    0.00000e+00,    8.09620e+01,    0.00000e+00,    4.60180e+02,    0.00000e+00,    1.40351e+02,    0.00000e+00,    3.36156e+01,    0.00000e+00,    3.77322e+01,    0.00000e+00,    1.20937e+01,    0.00000e+00,    1.09349e+01,    0.00000e+00,              3,              0,       1 meters
  12/31/2001 19:03:56.197,    7.70843e+01,    0.00000e+00,    7.70843e+01,    0.00000e+00,   -1.00000e-02,    0.00000e+00,    4.91444e+04,    0.00000e+00,    4.38283e+02,    0.00000e+00,    8.10683e+01,    0.00000e+00,    4.60936e+02,    0.00000e+00,    1.40422e+02,    0.00000e+00,    3.36158e+01,    0.00000e+00,    3.77235e+01,    0.00000e+00,    1.20964e+01,    0.00000e+00,    1.09288e+01,    0.00000e+00,              3,              0,       1 meters
  12/31/2001 19:03:57.191,    7.71157e+01,    0.00000e+00,    7.71157e+01,    0.00000e+00,   -1.00000e-02,    0.00000e+00,    4.91769e+04,    0.00000e+00,    4.38621e+02,    0.00000e+00,    8.11042e+01,    0.00000e+00,    4.61307e+02,    0.00000e+00,    1.40462e+02,    0.00000e+00,    3.36167e+01,    0.00000e+00,    3.77215e+01,    0.00000e+00,    1.20949e+01,    0.00000e+00,    1.09354e+01,    0.00000e+00,              3,              0,       1 meters
  12/31/2001 19:03:58.187,    7.71073e+01,    0.00000e+00,    7.71073e+01,    0.00000e+00,   -1.00000e-02,    0.00000e+00,    4.91736e+04,    0.00000e+00,    4.38603e+02,    0.00000e+00,    8.10951e+01,    0.00000e+00,    4.61286e+02,    0.00000e+00,    1.40442e+02,    0.00000e+00,    3.36179e+01,    0.00000e+00,    3.77344e+01,    0.00000e+00,    1.20971e+01,    0.00000e+00,    1.09365e+01,    0.00000e+00,              3,              0,       1 meters
  12/31/2001 19:03:59.182,    7.73418e+01,    0.00000e+00,    7.73418e+01,    0.00000e+00,   -1.00000e-02,    0.00000e+00,    4.91993e+04,    0.00000e+00,    4.40000e+02,    0.00000e+00,    8.13439e+01,    0.00000e+00,    4.62768e+02,    0.00000e+00,    1.40356e+02,    0.00000e+00,    3.36193e+01,    0.00000e+00,    3.77381e+01,    0.00000e+00,    1.20985e+01,    0.00000e+00,    1.09300e+01,    0.00000e+00,              3,              0,       1 meters
  12/31/2001 19:04:00.189,    7.73356e+01,    0.00000e+00,    7.73356e+01,    0.00000e+00,   -1.00000e-02,    0.00000e+00,    4.92687e+04,    0.00000e+00,    4.40584e+02,    0.00000e+00,    8.13433e+01,    0.00000e+00,    4.63416e+02,    0.00000e+00,    1.40401e+02,    0.00000e+00,    3.36200e+01,    0.00000e+00,    3.77271e+01,    0.00000e+00,    1.21001e+01,    0.00000e+00,    1.09337e+01,    0.00000e+00,              3,              0,       1 meters
  12/31/2001 19:04:01.185,    7.73696e+01,    0.00000e+00,    7.73696e+01,    0.00000e+00,   -1.00000e-02,    0.00000e+00,    4.93148e+04,    0.00000e+00,    4.41191e+02,    0.00000e+00,    8.13829e+01,    0.00000e+00,    4.64077e+02,    0.00000e+00,    1.40460e+02,    0.00000e+00,    3.36208e+01,    0.00000e+00,    3.77276e+01,    0.00000e+00,    1.20955e+01,    0.00000e+00,    1.09344e+01,    0.00000e+00,              3,              0,       1 meters
  12/31/2001 19:04:02.181,    7.74903e+01,    0.00000e+00,    7.74903e+01,    0.00000e+00,   -1.00000e-02,    0.00000e+00,    4.91467e+04,    0.00000e+00,    4.41906e+02,    0.00000e+00,    8.14955e+01,    0.00000e+00,    4.64747e+02,    0.00000e+00,    1.40449e+02,    0.00000e+00,    3.36219e+01,    0.00000e+00,    3.77364e+01,    0.00000e+00,    1.20976e+01,    0.00000e+00,    1.09352e+01,    0.00000e+00,              3,              0,       1 meters
  12/31/2001 19:04:03.176,    7.76248e+01,    0.00000e+00,    7.76248e+01,    0.00000e+00,   -1.00000e-02,    0.00000e+00,    4.91544e+04,    0.00000e+00,    4.42504e+02,    0.00000e+00,    8.16376e+01,    0.00000e+00,    4.65379e+02,    0.00000e+00,    1.40403e+02,    0.00000e+00,    3.36234e+01,    0.00000e+00,    3.77412e+01,    0.00000e+00,    1.21016e+01,    0.00000e+00,    1.09270e+01,    0.00000e+00,              3,              0,       1 meters
  12/31/2001 19:04:04.172,    7.77670e+01,    0.00000e+00,    7.77670e+01,    0.00000e+00,   -1.00000e-02,    0.00000e+00,    4.92585e+04,    0.00000e+00,    4.42885e+02,    0.00000e+00,    8.17961e+01,    0.00000e+00,    4.65832e+02,    0.00000e+00,    1.40384e+02,    0.00000e+00,    3.36242e+01,    0.00000e+00,    3.77397e+01,    0.00000e+00,    1.20954e+01,    0.00000e+00,    1.09361e+01,    0.00000e+00,              3,              0,       1 meters
  12/31/2001 19:04:05.166,    7.78640e+01,    0.00000e+00,    7.78640e+01,    0.00000e+00,   -1.00000e-02,    0.00000e+00,    4.92653e+04,    0.00000e+00,    4.44435e+02,    0.00000e+00,    8.18988e+01,    0.00000e+00,    4.67465e+02,    0.00000e+00,    1.40446e+02,    0.00000e+00,    3.36246e+01,    0.00000e+00,    3.77366e+01,    0.00000e+00,    1.20952e+01,    0.00000e+00,    1.09264e+01,    0.00000e+00,              3,              0,       1 meters
  12/31/2001 19:04:06.162,    7.78607e+01,    0.00000e+00,    7.78607e+01,    0.00000e+00,   -1.00000e-02,    0.00000e+00,    4.91966e+04,    0.00000e+00,    4.44200e+02,    0.00000e+00,    8.18894e+01,    0.00000e+00,    4.67184e+02,    0.00000e+00,    1.40445e+02,    0.00000e+00,    3.36257e+01,    0.00000e+00,    3.77419e+01,    0.00000e+00,    1.20980e+01,    0.00000e+00,    1.09350e+01,    0.00000e+00,              3,              0,       1 meters
  12/31/2001 19:04:07.157,    7.79622e+01,    0.00000e+00,    7.79622e+01,    0.00000e+00,   -1.00000e-02,    0.00000e+00,    4.91318e+04,    0.00000e+00,    4.45356e+02,    0.00000e+00,    8.19906e+01,    0.00000e+00,    4.68368e+02,    0.00000e+00,    1.40361e+02,    0.00000e+00,    3.36275e+01,    0.00000e+00,    3.77512e+01,    0.00000e+00,    1.21038e+01,    0.00000e+00,    1.09311e+01,    0.00000e+00,              3,              0,       1 meters
  12/31/2001 19:04:08.153,    7.80936e+01,    0.00000e+00,    7.80936e+01,    0.00000e+00,   -1.00000e-02,    0.00000e+00,    4.92230e+04,    0.00000e+00,    4.45868e+02,    0.00000e+00,    8.21366e+01,    0.00000e+00,    4.68951e+02,    0.00000e+00,    1.40369e+02,    0.00000e+00,    3.36283e+01,    0.00000e+00,    3.77487e+01,    0.00000e+00,    1.21062e+01,    0.00000e+00,    1.09326e+01,    0.00000e+00,              3,              0,       1 meters
  12/31/2001 19:04:09.148,    7.82046e+01,    0.00000e+00,    7.82046e+01,    0.00000e+00,   -1.00000e-02,    0.00000e+00,    4.92664e+04,    0.00000e+00,    4.46677e+02,    0.00000e+00,    8.22571e+01,    0.00000e+00,    4.69824e+02,    0.00000e+00,    1.40429e+02,    0.00000e+00,    3.36287e+01,    0.00000e+00,    3.77412e+01,    0.00000e+00,    1.20944e+01,    0.00000e+00,    1.09297e+01,    0.00000e+00,              3,              0,       1 meters
  12/31/2001 19:04:10.143,    7.82577e+01,    0.00000e+00,    7.82577e+01,    0.00000e+00,   -1.00000e-02,    0.00000e+00,    4.92411e+04,    0.00000e+00,    4.47181e+02,    0.00000e+00,    8.23107e+01,    0.00000e+00,    4.70341e+02,    0.00000e+00,    1.40464e+02,    0.00000e+00,    3.36297e+01,    0.00000e+00,    3.77437e+01,    0.00000e+00,    1.20962e+01,    0.00000e+00,    1.09307e+01,    0.00000e+00,              3,              0,       1 meters
